Addresses2;1;0;0;0;0;21.4;6.1267459189;46.2327987033
Addresses10;2;0;0;1;1;24.3;6.16910338016;46.195496524
Addresses16;2;0;0;1;1;21.9;6.20002484989;46.203037668
Addresses42;1;0;0;0;0;18.55;6.09947286791;46.1820957182
Addresses74;6;0;0;0;0;20.2;6.10886474465;46.2217931911
Addresses120;3;0;0;0;0;21.0;6.11958046203;46.20752393
Addresses149;3;0;0;1;1;21.0;6.12204079627;46.2129507902
Addresses172;1;0;0;1;1;22.25;6.18682246505;46.2136880473
Addresses183;1;0;0;0;0;22.25;6.14401266292;46.1610234515
Addresses184;1;0;0;1;1;18.5;6.0754892746;46.2087992603
Addresses193;1;0;0;0;0;22.25;6.04226825649;46.1903989754
Addresses229;1;0;0;0;0;22.25;6.15661762256;46.1755623623
Addresses253;4;0;0;0;0;18.5;6.10631717814;46.2199637642
Addresses260;1;0;0;1;1;22.25;6.2016746931;46.244440721
Addresses265;3;0;0;1;1;23.15;6.14264212999;46.2185873801
Addresses267;2;0;0;0;0;22.95;6.11936228788;46.2165182591
Addresses280;3;0;0;0;0;21.0;6.12467549287;46.2111821261
Addresses284;3;0;0;1;1;21.0;6.12199724419;46.2147496572
Addresses293;1;0;0;1;1;20.5;6.16164222092;46.2925778499
Addresses301;1;0;0;0;0;18.55;6.09429337171;46.1820340966
Addresses310;1;0;0;0;0;22.25;6.08152413997;46.1746836112
Addresses326;2;0;0;0;0;24.3;6.15869937165;46.1971783127
Addresses328;1;0;0;0;0;23.0;6.13849139011;46.1753548245
Addresses332;2;0;0;0;0;29.3;6.14829472031;46.1988591429
Addresses352;1;0;0;0;0;23.15;6.14013653424;46.2149598415
Addresses353;1;0;0;1;1;21.15;6.20800077824;46.194128247
Addresses354;1;0;0;0;0;22.65;6.13754519858;46.2149299935
Addresses370;1;0;0;1;1;20.5;6.16980567845;46.2764755516
Addresses394;1;0;0;0;0;22.25;6.11790683722;46.1697174896
Addresses415;1;0;0;0;0;21.4;6.12411024306;46.2345674175
Addresses417;1;0;0;0;0;22.95;6.12191013144;46.2183473915
Addresses428;1;0;0;0;0;20.2;6.08272415245;46.2304791251
Addresses462;2;0;0;1;1;22.25;6.03643898918;46.2155183834
Addresses466;1;0;0;0;0;22.25;6.18265782702;46.163382954
Addresses472;7;0;0;0;0;25.6;6.16112088587;46.2044031976
Addresses477;3;0;0;0;0;24.55;6.13801846525;46.1951423998
Addresses478;1;0;0;0;0;23.0;6.13827646661;46.1843491745
Addresses485;3;0;0;1;1;18.55;6.09165909829;46.1838020491
Addresses492;3;0;0;1;1;20.0;6.11518643751;46.1750837127
Addresses504;3;0;0;3;3;20.5;6.16470149272;46.2728193841
Addresses511;1;0;0;0;0;22.25;6.1205395775;46.1679489263
Addresses514;7;0;0;1;0;23.15;6.13499698974;46.2131012142
Addresses525;1;0;0;0;0;24.25;6.1484227239;46.193462517
Addresses539;1;0;0;1;1;21.15;6.07630033786;46.1764200116
Addresses552;2;0;0;1;1;24.3;6.16396468488;46.1936392167
Addresses563;2;0;0;0;0;20.2;6.08276901527;46.2286802721
Addresses578;1;0;0;0;0;24.15;6.14773974647;46.222244537
Addresses585;2;0;0;0;0;24.3;6.16124763097;46.1990065558
Addresses595;2;0;0;1;1;21.4;6.12402323866;46.2381651564
Addresses601;1;0;0;0;0;18.5;6.08312781168;46.2142894525
Addresses614;2;0;0;1;1;20.2;6.06985454687;46.2267250092
Addresses663;1;0;0;0;0;21.15;6.09495968446;46.1550513157
Addresses664;3;0;0;0;0;22.95;6.12713650056;46.2166088762
Addresses665;3;0;0;0;0;20.0;6.11751384399;46.185907247
Addresses673;3;0;0;1;1;21.4;6.11901306006;46.2309091924
Addresses685;4;0;0;0;0;18.55;6.10188585245;46.1893218666
Addresses687;4;0;0;0;0;22.95;6.124327704;46.2255730722
Addresses695;4;0;0;0;0;23.0;6.13823347345;46.186148045
Addresses708;1;0;0;1;1;21.4;6.12670250668;46.2345975736
Addresses717;1;0;0;0;0;18.5;6.09344843288;46.2162123377
Addresses719;2;0;0;0;0;24.25;6.1588686574;46.1899827969
Addresses740;1;0;0;0;0;21.4;6.11650847189;46.2272811278
Addresses745;6;0;0;1;1;18.5;6.11167589298;46.2128293809
Addresses765;2;0;0;0;0;29.3;6.14043714431;46.2023677276
Addresses766;3;0;0;1;0;20.0;6.11483636872;46.1894746036
Addresses784;1;0;0;0;0;24.95;6.12247615974;46.1949621284
Addresses789;1;0;0;1;1;21.0;6.11953683294;46.2093227955
Addresses801;1;0;0;1;1;20.2;6.08263441796;46.2340768314
Addresses811;4;0;0;2;1;20.2;6.07758510376;46.2286178844
Addresses819;1;0;0;1;1;22.25;6.03907659065;46.2137517166
Addresses823;1;0;0;0;0;18.5;6.07803528242;46.2106293817
Addresses880;1;0;0;1;1;20.2;6.0697639676;46.2303227049
Addresses885;2;0;0;0;0;21.15;6.08906927197;46.1837710888
Addresses892;2;0;0;2;2;22.25;6.18530913602;46.1668881793
Addresses893;2;0;0;0;0;24.55;6.14048007732;46.2005688547
Addresses897;3;0;0;0;0;18.55;6.10456416863;46.1857548171
Addresses903;2;0;0;0;0;24.3;6.16663914544;46.1900706953
Addresses904;1;0;0;1;1;22.25;6.13659058817;46.1465430642
Addresses911;4;0;0;1;1;24.55;6.13275132008;46.1986802862
Addresses915;5;0;0;0;0;22.65;6.13495386574;46.2149000861
Addresses916;3;0;0;0;0;19.65;6.11439852401;46.2074632313
Addresses936;1;0;0;1;1;22.25;6.20402228105;46.2552624971
Addresses960;6;0;0;1;1;25.45;6.14578965622;46.1952317332
Addresses973;2;0;0;0;0;20.0;6.12023455468;46.1805409644
Addresses1018;3;0;0;0;0;22.65;6.13745911333;46.2185277396
Addresses1041;2;0;0;1;0;20.5;6.15925908281;46.2835540677
Addresses1101;2;0;0;0;0;29.3;6.15080011827;46.2024864977
Addresses1114;7;0;0;0;0;21.0;6.12217143535;46.2075541902
Addresses1133;6;0;0;1;0;24.25;6.15623609745;46.1917522563
Addresses1141;1;0;0;1;1;21.9;6.19245853801;46.1939576093
Addresses1159;9;1;0;1;0;27.65;6.14791055815;46.2150490287
Addresses1167;1;0;0;0;0;20.2;6.08022200356;46.2268502561
Addresses1176;1;0;0;0;0;19.65;6.11185144232;46.2056339303
Addresses1177;2;0;0;2;2;22.25;6.23015536803;46.2465484993
Addresses1192;3;0;0;0;0;24.3;6.16383822145;46.19903586
Addresses1208;4;0;0;1;1;23.0;6.1356004283;46.1879170229
Addresses1229;2;0;0;0;0;21.15;6.20541039815;46.1940999559
Addresses1267;1;0;0;0;0;21.15;6.20018869217;46.1958420898
Addresses1289;1;0;0;0;0;20.2;6.08527141818;46.2323090848
Addresses1291;4;0;0;0;0;23.15;6.13257855543;46.2058757661
Addresses1296;2;0;0;0;0;24.25;6.15351837573;46.197119409
Addresses1319;5;0;0;1;1;20.2;6.08004220373;46.2340456643
Addresses1341;1;0;0;0;0;25.6;6.1715681062;46.2009223004
Addresses1346;4;0;0;0;0;20.0;6.12027813795;46.1787421013
Addresses1347;2;0;0;0;0;20.2;6.08258954629;46.2358756847
Addresses1354;4;0;0;0;0;24.3;6.16128987379;46.1972076755
Addresses1366;7;0;0;1;1;24.55;6.1301174908;46.2004491375
Addresses1369;1;0;0;1;1;22.25;6.24442538728;46.3024362233
Addresses1373;3;0;0;2;1;20.5;6.16436391071;46.2872104818
Addresses1385;2;0;0;0;0;24.3;6.15874169726;46.1953794335
Addresses1391;3;0;0;1;0;22.65;6.13227610799;46.2184678614
Addresses1404;1;0;0;0;0;21.0;6.12208434549;46.2111519234
Addresses1406;2;0;0;1;1;20.2;6.0724464066;46.2267564101
Addresses1449;1;0;0;0;0;18.55;6.10974403012;46.1858159674
Addresses1467;1;0;0;0;0;22.8;6.14005062025;46.2185575896
Addresses1471;1;0;0;0;0;21.4;6.12406674229;46.2363662869
Addresses1473;1;0;0;0;0;25.6;6.17148429137;46.2045200694
Addresses1475;1;0;0;0;0;29.3;6.1534758762;46.1989182864
Addresses1476;2;0;0;0;0;25.6;6.16630258309;46.2044617524
Addresses1478;1;0;0;0;0;20.2;6.17670774828;46.2027792622
Addresses1494;2;0;0;1;1;20.5;6.16427948742;46.2908082569
Addresses1496;1;0;0;0;0;20.0;6.11479259719;46.1912734657
Addresses1501;1;0;0;0;0;20.0;6.10706605029;46.1893831397
Addresses1503;5;0;0;1;1;25.45;6.14337058423;46.1880065229
Addresses1528;1;0;0;0;0;19.65;6.13262175085;46.2040768959
Addresses1544;1;0;0;0;0;22.95;6.12946806226;46.2274321859
Addresses1562;4;0;0;0;0;24.3;6.1613743511;46.1936099153
Addresses1573;5;0;0;1;1;20.0;6.11777586528;46.1751140739
Addresses1601;2;0;0;1;1;21.15;6.23091493001;46.2123692506
Addresses1605;2;0;0;1;1;24.95;6.13551425676;46.1915147627
Addresses1607;2;0;0;1;0;21.15;6.07366575181;46.1781875437
Addresses1608;2;0;0;0;0;29.3;6.14820937057;46.2024568943
Addresses1614;2;0;0;0;0;24.3;6.1428136042;46.2113918806
Addresses1637;3;0;0;1;1;20.5;6.16432170046;46.2890093693
Addresses1642;2;0;0;0;0;20.0;6.10711007556;46.1875842807
Addresses1662;7;0;0;1;1;25.6;6.16116313701;46.2026043168
Addresses1674;1;0;0;0;0;23.15;6.1377603622;46.2059356306
Addresses1682;1;0;0;1;1;25.6;6.15848770191;46.2061727109
Addresses1684;1;0;0;1;1;18.5;6.08562957659;46.2179182551
Addresses1687;2;0;0;0;0;22.25;6.07884485903;46.1782501118
Addresses1688;5;0;0;1;1;24.25;6.15615128347;46.1953500123
Addresses1717;1;0;0;0;0;18.5;6.10416709319;46.2019445427
Addresses1755;1;0;0;0;0;22.95;6.12454509347;46.2165787299
Addresses1765;2;0;0;0;0;23.0;6.14354186705;46.1808110334
Addresses1768;4;0;0;1;1;21.9;6.19763927398;46.1940147263
Addresses1771;4;0;0;0;0;18.5;6.09639501278;46.2018523446
Addresses1780;4;0;0;1;1;18.55;6.10447594992;46.1893525329
Addresses1794;2;0;0;1;1;21.9;6.20027059717;46.1922443016
Addresses1797;1;0;0;0;0;22.25;6.00115951536;46.1772866378
Addresses1805;1;0;0;0;0;23.0;6.13836244448;46.180751434
Addresses1808;1;0;0;0;0;24.25;6.15105562046;46.1916932395
Addresses1816;3;0;0;0;0;18.5;6.08053653954;46.2142582966
Addresses1818;3;0;0;2;2;20.2;6.06726269013;46.2266935488
Addresses1822;5;0;0;0;0;24.55;6.13793244221;46.1987401428
Addresses1830;1;0;0;0;0;21.9;6.19743404998;46.2030091941
Addresses1831;1;0;0;0;0;21.15;6.23350619251;46.2123969564
Addresses1833;3;0;0;1;0;20.2;6.18707087738;46.2028947037
Addresses1844;2;0;0;0;0;23.0;6.14090925235;46.1825801346
Addresses1851;2;0;0;0;0;22.25;6.09170362799;46.1820031967
Addresses1852;5;0;0;1;1;24.3;6.14803863745;46.2096523989
Addresses1872;1;0;0;1;1;21.15;6.07116660951;46.1745584831
Addresses1877;4;0;0;1;1;24.25;6.1563209003;46.188154501
Addresses1886;1;0;0;1;1;22.25;6.12838425699;46.2724039903
Addresses1893;5;0;0;0;0;21.4;6.11905672358;46.2291103253
Addresses1897;1;0;0;0;0;22.95;6.13214644506;46.2238644756
Addresses1900;3;0;0;0;0;18.55;6.10697799109;46.192980858
Addresses1901;7;0;0;1;1;18.5;6.10890873637;46.2199943286
Addresses1915;4;0;0;0;0;24.3;6.14026538406;46.2095632204
Addresses1921;4;0;0;1;0;20.0;6.12291123735;46.1769734817
Addresses1930;2;0;0;0;0;23.0;6.13301038197;46.1878870707
Addresses1932;3;0;0;0;0;20.0;6.11466126535;46.1966700529
Addresses1996;1;0;0;0;0;22.65;6.14009357866;46.2167587155
Addresses2006;7;0;0;0;0;20.0;6.12299821859;46.1733757544
Addresses2007;4;0;0;0;0;18.5;6.11435472371;46.2092620949
Addresses2009;2;0;0;1;1;22.25;6.18443861016;46.2046648218
Addresses2014;4;0;0;0;0;18.5;6.11171978464;46.211030518
Addresses2029;6;0;0;0;0;21.0;6.13244895213;46.2112723776
Addresses2047;7;0;0;0;0;27.65;6.14799594715;46.2114512754
Addresses2071;3;0;0;0;0;22.25;6.11272849748;46.1696567138
Addresses2077;2;0;0;0;0;20.2;6.07735990344;46.2376121403
Addresses2095;5;0;0;1;1;20.2;6.08017705804;46.228649108
Addresses2112;7;1;0;0;1;27.65;6.15054451536;46.2132797612
Addresses2113;2;0;0;0;0;18.5;6.10653752149;46.2109694587
Addresses2133;3;0;0;1;0;24.55;6.13521256723;46.2041068569
Addresses2148;4;0;0;0;0;19.65;6.11444232142;46.2056643679
Addresses2176;5;0;0;0;0;25.6;6.1586147121;46.2007760716
Addresses2192;2;0;0;1;0;21.4;6.12415374096;46.2327685482
Addresses2210;1;0;0;0;0;18.55;6.10201843275;46.1839252963
Addresses2220;2;0;0;0;0;21.9;6.19237611423;46.1975553922
Addresses2255;1;0;0;0;0;24.95;6.11725171945;46.196700426
Addresses2256;5;0;0;0;0;24.95;6.13555734395;46.1897158927
Addresses2260;1;0;0;0;0;24.55;6.13525567423;46.2023079859
Addresses2274;3;0;0;0;0;22.65;6.13758823696;46.2131311207
Addresses2289;5;0;0;1;1;24.3;6.16655502144;46.1936684586
Addresses2295;4;0;0;0;0;21.9;6.20022964602;46.1940431956
Addresses2302;3;0;0;0;0;25.6;6.16379606144;46.2008347414
Addresses2339;1;0;0;0;0;22.25;6.11527392599;46.1714859916
Addresses2344;2;0;0;1;1;20.2;6.07490290988;46.2321843014
Addresses2364;1;0;0;0;0;20.0;6.12817692315;46.1734360589
Addresses2368;1;0;0;0;0;21.15;6.06598786206;46.1744955627
Addresses2373;1;0;0;1;1;22.25;6.14178408224;46.2545649063
Addresses2379;1;0;0;0;0;21.15;6.07402662426;46.1637967901
Addresses2390;4;0;0;0;0;18.5;6.11426711449;46.2128598224
Addresses2401;3;0;0;0;0;25.6;6.16634466306;46.2026628697
Addresses2405;7;0;0;1;1;24.95;6.138104477;46.1915446574
Addresses2410;2;0;0;0;0;18.5;6.11431092054;46.2110609586
Addresses2423;4;0;0;1;0;20.0;6.12506653688;46.1949923222
Addresses2449;6;0;0;0;0;18.5;6.09380432514;46.201821493
Addresses2459;2;0;0;0;0;23.0;6.13568658852;46.1843192837
Addresses2461;6;0;0;0;0;25.45;6.14319925642;46.1952020148
Addresses2468;3;0;0;1;1;20.2;6.07995228607;46.237643369
Addresses2497;1;0;0;0;0;20.0;6.11470504551;46.1948711904
Addresses2525;1;0;0;0;0;20.0;6.12251968036;46.193163263
Addresses2530;1;0;0;1;1;22.25;6.03389415133;46.213687324
Addresses2536;1;0;0;1;1;22.25;6.12304170493;46.171576891
Addresses2550;1;0;0;0;0;23.0;6.14876394351;46.1790715213
Addresses2559;3;0;0;0;0;18.5;6.09085706337;46.2161814186
Addresses2586;6;0;0;0;0;25.45;6.14587515465;46.191633985
Addresses2596;1;0;0;0;0;18.5;6.09903000558;46.2000842797
Addresses2617;1;0;0;0;0;23.0;6.14095215435;46.1807812634
Addresses2638;2;0;0;0;0;21.0;6.12221497599;46.2057553238
Addresses2649;2;0;0;0;0;21.9;6.19509002692;46.1921873053
Addresses2675;1;0;0;0;0;22.25;6.08143441706;46.1782813067
Addresses2686;1;0;0;0;0;20.5;6.16465930469;46.2746182711
Addresses2689;3;0;0;0;0;24.15;6.1477824536;46.2204456598
Addresses2690;3;0;0;0;0;21.0;6.12212789185;46.2093530567
Addresses2694;2;0;0;2;2;22.25;6.18021417922;46.1632327285
Addresses2708;6;0;0;0;0;21.0;6.1350401109;46.2113023425
Addresses2709;3;0;0;2;2;21.4;6.12177944083;46.2237439938
Addresses2712;2;0;0;0;0;22.95;6.13218966888;46.2220656041
Addresses2732;1;0;0;0;0;21.9;6.20261565249;46.2030660826
Addresses2740;2;0;0;0;0;20.0;6.11997299495;46.1913341465
Addresses2743;1;0;0;1;1;20.2;6.08522663514;46.2341079391
Addresses2753;2;0;0;0;0;22.25;6.11285995645;46.164260137
Addresses2757;1;0;0;0;0;23.15;6.14268500277;46.216788505
Addresses2764;5;0;0;0;0;21.0;6.1245885628;46.2147798619
Addresses2773;1;0;0;0;0;21.4;6.11923134896;46.2219148581
Addresses2788;1;0;0;0;0;18.5;6.10912865162;46.2110000181
Addresses2810;2;1;0;0;1;18.5;6.09889709014;46.2054808511
Addresses2818;3;0;0;0;0;23.0;6.14108084346;46.175384651
Addresses2833;1;0;0;1;1;22.25;5.97345046034;46.1481391353
Addresses2844;4;0;0;1;1;22.95;6.12437118761;46.2237742035
Addresses2862;4;0;0;0;0;24.15;6.14786785944;46.2168479056
Addresses2888;2;0;0;0;0;24.55;6.13270813318;46.2004791559
Addresses2891;7;0;0;0;0;22.65;6.12981450381;46.213041223
Addresses2894;4;0;0;0;0;22.95;6.13478134141;46.2220955749
Addresses2897;1;0;0;0;0;24.3;6.14035126983;46.2059654737
Addresses2913;1;0;0;0;0;22.25;6.18267855112;46.1686582526
Addresses2916;1;0;0;0;0;23.0;6.14600338123;46.1862373638
Addresses2917;6;0;0;0;0;23.15;6.13253535717;46.2076746365
Addresses2925;2;0;0;0;0;20.0;6.11229011389;46.1876453141
Addresses2938;9;0;0;1;1;25.45;6.14324209259;46.1934031416
Addresses2952;1;0;0;0;0;20.0;6.13339878347;46.1716972584
Addresses3011;1;0;0;1;1;22.25;6.14744071793;46.2348366814
Addresses3021;3;0;0;0;0;20.2;6.18448009101;46.2028659325
Addresses3023;1;0;0;1;1;21.15;6.06630538922;46.1619036767
Addresses3027;3;0;0;0;0;24.25;6.14591789965;46.1898351111
Addresses3030;2;0;0;0;0;24.3;6.14549032326;46.2078238568
Addresses3068;1;0;0;1;1;20.5;6.15917432726;46.2871518387
Addresses3086;3;0;0;0;0;21.9;6.19759823458;46.1958136195
Addresses3090;2;0;0;0;0;24.55;6.12748349036;46.2022179275
Addresses3134;1;0;0;1;1;20.5;6.1644905248;46.2818138197
Addresses3144;1;0;0;0;0;20.5;6.1616845226;46.2907789632
Addresses3149;2;0;0;0;0;19.65;6.11180755931;46.2074327928
Addresses3151;4;0;0;0;0;24.25;6.15373083149;46.1881250242
Addresses3178;1;0;0;0;0;18.55;6.10206262038;46.1821264398
Addresses3217;1;0;0;0;0;22.25;6.18414816792;46.2172570509
Addresses3221;4;0;0;0;0;24.55;6.13529877839;46.200509115
Addresses3229;1;0;0;0;0;20.5;6.15913194531;46.2889507243
Addresses3231;1;0;0;0;0;19.65;6.11694577689;46.2092924749
Addresses3245;1;0;0;0;0;23.0;6.13840542917;46.178952564
Addresses3259;1;0;0;0;0;20.2;6.08531619829;46.2305102307
Addresses3294;1;0;0;1;1;22.25;6.20220671451;46.2210550476
Addresses3301;1;0;0;0;0;22.25;6.1054457189;46.1497776975
Addresses3305;0;1;0;0;1;22.25;6.22428626576;46.2770743092
Addresses3314;3;0;0;0;0;24.3;6.1428993244;46.2077941316
Addresses3332;4;0;0;2;2;24.3;6.1716938078;46.195525648
Addresses3353;5;1;0;0;1;18.55;6.10438771963;46.1929502492
Addresses3367;1;0;0;0;0;20.2;6.20257477079;46.2048649784
Addresses3386;2;0;0;1;1;24.3;6.1561088723;46.1971488906
Addresses3387;1;1;0;1;2;20.5;6.16419505301;46.2944060323
Addresses3390;1;0;0;0;0;22.25;6.11009542103;46.171425095
Addresses3403;1;0;0;0;0;20.0;6.12019096855;46.1823398277
Addresses3408;1;0;0;0;0;24.3;6.16914536075;46.1936976411
Addresses3421;4;0;0;0;0;23.15;6.14531921403;46.2150193591
Addresses3426;1;0;0;0;0;22.25;6.04490445237;46.1886321749
Addresses3428;3;0;0;0;0;24.55;6.13784640785;46.2023378864
Addresses3451;4;0;0;1;1;21.15;6.20286088634;46.1922727105
Addresses3461;3;0;0;0;0;22.95;6.13223288985;46.2202667327
Addresses3468;4;0;0;2;2;20.5;6.16185370145;46.2835834171
Addresses3492;1;0;0;0;0;23.0;6.13581580763;46.1789226762
Addresses3514;4;0;0;1;1;20.2;6.10627310078;46.2217626257
Addresses3568;3;0;0;1;1;22.8;6.14259925439;46.2203862553
Addresses3572;2;0;0;1;0;20.0;6.12269373426;46.1859678031
Addresses3582;3;0;0;0;0;22.25;6.13344192503;46.1698983912
Addresses3598;1;0;0;0;0;20.2;6.19735194151;46.2066069822
Addresses3600;1;0;0;0;0;22.25;6.18176459987;46.2082337674
Addresses3604;2;0;0;0;0;21.15;6.0685772343;46.1745270526
Addresses3632;2;0;0;0;0;22.95;6.12450162129;46.2183775981
Addresses3635;1;0;0;1;1;22.25;6.23530131949;46.2484027966
Addresses3648;5;0;0;1;0;23.15;6.13508322923;46.2095034709
Addresses3657;6;0;0;0;0;18.5;6.0989413982;46.2036819938
Addresses3661;1;0;0;0;0;22.25;6.1617543617;46.1774200025
Addresses3662;1;0;0;0;0;21.4;6.1242407282;46.22917081
Addresses3676;5;0;0;0;0;23.15;6.12998765629;46.2058457447
Addresses3688;2;0;0;0;0;22.95;6.12428421753;46.227371941
Addresses3696;1;0;0;1;1;22.25;6.23019536864;46.2447495904
Addresses3705;2;0;0;0;0;21.0;6.12717988426;46.2148100071
Addresses3725;1;0;0;0;0;18.5;6.11672716031;46.2182867997
Addresses3747;2;0;0;0;0;29.3;6.14825204684;46.2006580186
Addresses3763;1;0;0;1;1;21.15;6.07407171999;46.1619979467
Addresses3765;1;0;0;0;0;22.25;6.12317214683;46.1661803018
Addresses3771;1;0;0;0;0;21.15;6.06085466745;46.1726335653
Addresses3791;3;0;0;2;2;21.15;6.1976803107;46.1922158332
Addresses3820;3;0;0;0;0;20.2;6.18978557917;46.1975267427
Addresses3822;6;0;0;0;0;20.0;6.12554416574;46.1752048009
Addresses3850;1;0;0;1;1;22.25;6.20661557349;46.2552908197
Addresses3855;4;0;0;0;0;24.95;6.14069470007;46.1915744927
Addresses3871;1;0;0;0;0;18.5;6.11163199843;46.2146282439
Addresses3880;3;0;0;2;2;20.5;6.16181141092;46.2853823035
Addresses3884;3;0;0;0;0;24.25;6.16145881731;46.1900121558
Addresses3897;6;0;0;0;0;18.55;6.10443183623;46.1911513909
Addresses3904;5;0;0;0;0;18.55;6.10184165321;46.1911207237
Addresses3905;1;0;0;0;0;22.25;6.19920499213;46.2390155923
Addresses3913;1;0;0;0;0;29.3;6.15084270897;46.200687621
Addresses3997;9;1;0;1;2;25.45;6.1433277565;46.1898053956
Addresses4011;4;1;0;1;2;25.6;6.17411697285;46.2027502533
Addresses4014;3;0;0;0;0;29.3;6.15097046425;46.1952909916
Addresses4048;1;0;0;0;0;24.95;6.12752685126;46.2004190596
Addresses4091;5;0;0;1;0;21.0;6.12722326511;46.2130111382
Addresses4103;2;0;0;1;0;20.2;6.10618493737;46.225360349
Addresses4112;1;0;0;0;0;20.0;6.11760119589;46.182309522
Addresses4116;2;0;0;0;0;20.0;6.10956826544;46.1930114074
Addresses4124;5;0;0;1;1;21.4;6.11910038423;46.2273114583
Addresses4132;3;0;0;0;0;18.5;6.09630622842;46.2054500569
Addresses4147;1;0;0;0;0;20.2;6.07485778414;46.2339831515
Addresses4149;4;0;0;1;0;18.5;6.109172626;46.2092011564
Addresses4151;1;0;0;0;0;18.5;6.11417949375;46.2164575505
Addresses4162;4;0;0;0;0;21.0;6.12476241153;46.2075843909
Addresses4167;1;0;0;1;1;22.25;6.18272006299;46.1668593675
Addresses4169;5;0;0;2;0;21.9;6.19504890465;46.1939861975
Addresses4182;3;0;0;0;0;18.55;6.10193004879;46.1875230097
Addresses4196;1;0;0;0;0;21.9;6.19998388259;46.204836563
Addresses4223;5;0;0;0;0;18.55;6.09929575788;46.1892911409
Addresses4227;1;0;0;0;0;22.25;6.18937244181;46.2155156568
Addresses4261;1;2;0;0;2;29.3;6.15593919975;46.204344405
Addresses4262;4;0;0;0;0;23.15;6.14022243694;46.211362094
Addresses4263;1;0;0;1;1;21.15;6.23099482873;46.2087714377
Addresses4264;8;0;0;0;0;21.0;6.12731001826;46.2094134007
Addresses4297;3;0;0;0;0;20.2;6.19241732747;46.1957565007
Addresses4312;3;0;0;1;0;20.0;6.12006019298;46.1877364185
Addresses4313;3;0;0;1;0;21.15;6.09121364042;46.2017905819
Addresses4330;1;0;0;0;0;24.25;6.15636329754;46.1863556235
Addresses4350;3;0;0;1;1;25.45;6.14596064184;46.1880362373
Addresses4366;2;0;0;0;0;24.3;6.16638674026;46.2008639872
Addresses4377;3;0;0;2;1;22.95;6.12951137742;46.2256333151
Addresses4378;4;0;0;0;0;23.0;6.14604611781;46.1844384903
Addresses4380;1;0;0;1;1;21.15;6.06853194686;46.1763258952
Addresses4394;1;0;0;1;1;21.15;6.19776237603;46.1886180474
Addresses4396;4;0;0;1;0;22.95;6.12169229945;46.2273417294
Addresses4401;1;0;0;0;0;22.95;6.12696293724;46.2238043537
Addresses4414;1;0;0;0;0;22.25;6.11277232001;46.1678578547
Addresses4423;2;0;0;0;0;22.65;6.1297279105;46.2166389629
Addresses4430;1;0;0;0;0;20.0;6.12260671303;46.1895655327
Addresses4434;2;0;0;0;0;20.2;6.16918733858;46.1918987584
Addresses4446;1;0;0;0;0;22.65;6.13482447674;46.2202967025
Addresses4458;3;0;0;0;0;20.2;6.07990732281;46.2394422215
Addresses4460;6;3;0;1;3;24.95;6.13814747864;46.1897457865
Addresses4462;1;0;0;0;0;22.25;6.23011536479;46.2483474083
Addresses4485;0;1;0;0;1;22.25;6.22456772933;46.2644819508
Addresses4496;1;0;0;0;0;21.15;6.19525202066;46.1850034299
Addresses4501;4;0;0;0;0;25.6;6.1560240416;46.2007466475
Addresses4509;1;0;0;0;0;23.0;6.1359880602;46.1717272018
Addresses4518;1;0;0;0;0;27.65;6.15050190507;46.2150786389
Addresses4521;2;0;0;0;0;22.65;6.13491073891;46.2166989581
Addresses4535;2;0;0;0;0;18.5;6.10658158148;46.209170598
Addresses4585;1;0;0;0;0;29.3;6.15343337389;46.2007171639
Addresses4588;2;0;0;0;0;22.65;6.14000765902;46.2203564638
Addresses4598;2;0;0;0;0;21.4;6.12164872446;46.2291405974
Addresses4612;1;0;0;0;0;20.2;6.07494803265;46.2303854513
Addresses4616;1;1;0;1;2;22.25;5.97340205445;46.1499379359
Addresses4639;3;0;0;0;0;21.0;6.12471895363;46.2093832584
Addresses4642;1;0;0;0;0;22.25;6.14174115022;46.2563637837
Addresses4655;4;0;0;0;0;23.0;6.13831945696;46.1825503042
Addresses4676;1;0;0;0;0;22.25;6.11536140297;46.1678882713
Addresses4710;2;0;0;0;0;20.2;6.18180617177;46.2064348787
Addresses4713;2;0;0;0;0;24.3;6.16404897999;46.1900414552
Addresses4733;2;0;0;0;0;18.55;6.09424892753;46.18383295
Addresses4743;2;0;0;0;0;21.15;6.20533336402;46.192418224
Addresses4751;6;0;0;0;0;29.3;6.14315641743;46.1970008882
Addresses4761;1;0;0;0;0;22.25;6.16171214939;46.179218881
Addresses4768;2;0;0;0;0;20.0;6.11747016374;46.1877061098
Addresses4800;2;0;0;0;0;21.15;6.20536961543;46.195898852
Addresses4815;2;0;0;0;0;24.3;6.14030832835;46.207764347
Addresses4820;2;0;0;0;0;20.2;6.06980925873;46.228523857
Addresses4821;1;0;0;0;0;21.4;6.11404804104;46.2218541435
Addresses4822;6;0;0;0;0;27.65;6.15058712284;46.2114808836
Addresses4833;2;0;0;0;0;24.15;6.14519085259;46.2204159872
Addresses4851;1;0;0;1;1;21.15;6.05590462931;46.1635759881
Addresses4852;1;0;0;0;0;20.0;6.11992939164;46.1931330108
Addresses4855;1;0;0;0;0;24.25;6.14341340915;46.1862076503
Addresses4859;1;0;0;0;0;18.55;6.09934003975;46.187492285
Addresses4863;1;0;0;0;0;18.5;6.10926056609;46.2056034334
Addresses4885;1;0;0;0;0;22.25;6.08147927999;46.1764824589
Addresses4889;2;0;0;0;0;24.95;6.11984217643;46.1967307397
Addresses4901;1;0;0;0;0;24.3;6.16647088638;46.1972662226
Addresses4920;2;0;0;0;0;19.65;6.1300309373;46.2040468755
Addresses4925;2;0;0;0;0;22.25;6.18527092081;46.1651423141
Addresses4927;7;0;0;0;0;27.65;6.14540477427;46.2114216077
Addresses4940;1;0;0;0;0;20.0;6.11768853632;46.1787117976
Addresses4944;0;1;0;0;1;22.25;6.22460792783;46.2626830427
Addresses4957;1;0;0;0;0;18.5;6.11176367341;46.2092316553
Addresses4976;3;0;0;1;1;22.25;6.19916397094;46.2408144898
Addresses4981;2;0;0;0;0;21.9;6.19249974584;46.1921587181
Addresses4999;3;0;0;0;0;23.0;6.13564350982;46.1861181532
Addresses5010;1;0;0;0;0;23.0;6.13572966438;46.1825204144
Addresses5015;1;0;0;0;0;22.25;6.18276157215;46.1650604826
Addresses5039;3;0;0;0;0;20.0;6.12001659539;46.1895352824
Addresses5050;2;0;0;2;2;21.15;6.21807978535;46.2068331245
Addresses5052;1;0;0;0;0;29.3;6.14566138752;46.2006283567
Addresses5072;1;0;0;0;0;20.0;6.11764486754;46.1805106597
Addresses5080;0;1;0;0;1;25.6;6.16893543023;46.202692057
Addresses5081;4;0;0;0;0;20.0;6.1229547294;46.175174618
Addresses5104;5;0;0;0;0;27.65;6.14544755017;46.2096227322
Addresses5111;2;0;0;0;0;20.2;6.06989983204;46.2249261616
Addresses5113;1;0;0;0;0;24.15;6.15037405741;46.2204752728
Addresses5121;5;0;0;1;0;29.3;6.15598162207;46.2025455262
Addresses5125;1;0;0;0;0;18.5;6.11940592844;46.214719393
Addresses5130;2;0;0;0;0;21.15;6.07371087123;46.1763886989
Addresses5134;1;0;0;0;0;24.3;6.14285646571;46.209593006
Addresses5143;2;0;0;0;0;18.55;6.10474057128;46.1785593876
Addresses5160;4;0;0;0;0;25.6;6.1637117331;46.2044325047
Addresses5165;6;0;0;0;0;24.55;6.13534187973;46.1987102442
Addresses5180;3;0;0;1;1;21.15;6.19780340466;46.1868191548
Addresses5198;3;0;0;1;1;21.15;6.20277915246;46.1958705006
Addresses5209;1;0;0;0;0;20.0;6.11474882279;46.193072328
Addresses5233;3;0;0;0;0;24.3;6.14294218028;46.2059952574
Addresses5236;2;0;0;1;1;24.25;6.14855070226;46.1880658924
Addresses5266;6;0;0;0;0;23.15;6.13512634473;46.2077045994
Addresses5286;1;0;0;0;0;18.5;6.08049161469;46.2160571475
Addresses5294;2;0;0;0;0;19.65;6.13516945739;46.2059057281
Addresses5300;2;0;0;0;0;18.5;6.08822102585;46.2179492942
Addresses5317;1;0;0;0;0;20.0;6.10965615355;46.1894136871
Addresses5333;3;0;0;0;0;22.65;6.13750215737;46.2167288665
Addresses5334;1;0;0;1;1;22.25;6.1363136101;46.1431154259
Addresses5354;2;0;0;1;1;24.3;6.16400683382;46.1918403359
Addresses5358;6;0;0;0;0;25.6;6.16107863195;46.2062020785
Addresses5365;1;0;0;0;0;22.95;6.12182300723;46.2219451263
Addresses5370;2;0;0;0;0;25.6;6.17152620016;46.2027211849
Addresses5373;1;0;0;0;0;20.5;6.16172682149;46.2889800766
Addresses5386;1;0;0;0;0;23.0;6.13853436634;46.173555955
Addresses5414;1;0;0;0;0;21.15;6.07112140756;46.1763573267
Addresses5423;3;0;0;0;0;20.0;6.12558756945;46.1734059364
Addresses5430;1;0;0;0;0;18.5;6.09590655435;46.2216397694
Addresses5445;1;0;0;0;0;20.0;6.11773220223;46.1769129356
Addresses5454;2;0;0;0;0;25.45;6.14060885943;46.1951722371
Addresses5500;4;0;0;0;0;25.45;6.14328492595;46.1916042685
Addresses5530;2;0;0;1;1;21.15;6.097503834;46.1568809929
Addresses5532;1;1;0;0;1;24.25;6.15627850027;46.1899533786
Addresses5547;2;0;0;0;0;20.0;6.11523018319;46.1732848521
Addresses5555;1;0;0;1;1;21.15;6.07893475293;46.1746524183
Addresses5574;4;1;0;0;1;24.25;6.15891097189;46.1881839183
Addresses5585;5;0;0;0;0;18.55;6.10197424222;46.1857241529
Addresses5587;1;0;0;0;0;23.0;6.13305354903;46.186088202
Addresses5590;9;0;0;0;0;21.0;6.12994437244;46.2076446141
Addresses5614;2;0;0;0;0;22.25;6.12312866905;46.1679791647
Addresses5615;1;0;0;1;1;22.25;5.99108876225;46.1663612715
Addresses5622;1;0;0;1;1;24.55;6.14311357563;46.1987997618
Addresses5626;4;0;0;1;0;18.55;6.10179745107;46.1929195809
Addresses5644;2;0;0;0;0;24.3;6.17420061101;46.1991524827
Addresses5657;2;0;0;0;0;20.0;6.11733910578;46.1931026991
Addresses5663;1;0;0;0;0;22.25;6.1256309703;46.1716070719
Addresses5673;4;1;0;0;1;24.3;6.1638803787;46.1972369788
Addresses5676;3;0;0;0;0;24.95;6.14073761616;46.1897756208
Addresses5697;6;0;0;1;1;24.25;6.15356087247;46.1953205317
Addresses5704;2;0;0;0;0;20.5;6.16202283576;46.2763878721
Addresses5738;1;0;0;0;0;24.55;6.13538497823;46.1969113736
Addresses5750;1;0;0;0;0;22.25;6.01382430218;46.1882438574
Addresses5772;2;0;0;0;0;23.0;6.14345623126;46.1844087778
Addresses5793;1;0;0;0;0;21.15;6.07875495332;46.181847806
Addresses5796;2;0;0;0;0;18.55;6.09942859477;46.1838945736
Addresses5805;4;1;0;1;1;23.0;6.14608885158;46.1826396171
Addresses5808;1;0;0;0;0;22.25;6.15475024209;46.2547130638
Addresses5810;1;0;0;0;0;18.5;6.09599539124;46.2180420546
Addresses5820;3;0;0;0;0;29.3;6.14561862567;46.2024272315
Addresses5822;5;0;0;0;0;23.15;6.14536199556;46.2132204833
Addresses5826;7;0;0;1;0;24.55;6.13797545514;46.1969412713
Addresses5841;0;1;0;0;1;22.25;6.12058314074;46.1661500644
Addresses5850;4;0;0;0;0;23.0;6.14863600716;46.1844681434
Addresses5854;8;0;0;1;0;27.65;6.14795325405;46.213250152
Addresses5859;1;0;0;0;0;18.5;6.11154420069;46.2182259702
Addresses5864;0;1;0;0;1;20.5;6.16716928701;46.2782452727
Addresses5899;1;0;0;0;0;24.95;6.12761356452;46.1968213241
Addresses5916;4;0;0;0;0;25.45;6.14838005884;46.1952613921
Addresses5918;3;0;0;1;0;21.9;6.19747510018;46.2012103002
Addresses5936;2;0;0;0;0;18.5;6.11677088938;46.2164879345
Addresses5937;2;1;0;0;1;20.5;6.16440611818;46.2854115944
Addresses5938;2;0;0;0;0;20.0;6.10970009328;46.1876148271
Addresses5945;1;0;0;0;0;22.95;6.12700633235;46.2220054841
Addresses5965;2;0;0;0;0;19.65;6.11703320341;46.2056947459
Addresses5972;6;0;0;0;0;24.25;6.15368834592;46.1899239008
Addresses5980;1;0;0;0;0;22.25;6.12049601139;46.1697477883
Addresses5986;1;1;0;1;2;21.15;6.09228224814;46.1586181307
Addresses5998;1;0;0;0;0;22.25;6.15666000032;46.173763486
Addresses6006;2;0;0;0;0;20.5;6.16423727161;46.2926071446
Addresses6014;4;0;0;0;0;24.25;6.15360336641;46.1935216546
Addresses6022;5;0;0;0;0;24.3;6.13771733513;46.2077345029
Addresses6034;4;0;0;0;0;21.0;6.12735339056;46.2076145322
Addresses6049;1;1;0;0;1;21.15;6.20290174925;46.1904738157
Addresses6052;1;0;0;0;0;21.15;6.08197257787;46.1566951439
Addresses6053;1;0;0;0;0;21.0;6.12990108574;46.2094434836
Addresses6069;0;1;0;0;1;22.25;6.22432648278;46.2752754006
Addresses6084;8;0;0;0;0;23.15;6.13767430523;46.2095333754
Addresses6115;2;0;0;0;0;21.9;6.18982687798;46.1957278521
Addresses6119;3;0;0;0;0;20.0;6.11738279464;46.1913038358
Addresses6140;1;0;0;0;0;22.25;6.03648536947;46.2137195501
Addresses6185;1;0;0;0;0;21.9;6.19500777967;46.1957850898
Addresses6240;3;0;0;0;0;23.0;6.14082343989;46.1861778773
Addresses6266;3;0;0;0;0;18.5;6.1114563914;46.221823697
Addresses6269;2;1;0;0;1;24.3;6.16659708482;46.1918695769
Addresses6276;2;0;0;0;0;24.3;6.16392253317;46.1954380976
Addresses6283;1;0;0;0;0;18.55;6.09683875969;46.1838637915
Addresses6293;2;0;0;0;0;24.55;6.14056593488;46.1969711095
Addresses6320;6;0;0;0;0;24.55;6.13788942644;46.2005390146
Addresses6322;2;0;0;0;0;20.2;6.0724012041;46.2285552589
Addresses6331;2;0;0;0;0;21.0;6.11944956614;46.2129205271
Addresses6332;6;0;0;0;0;21.0;6.1298577962;46.2112423532
Addresses6334;1;0;0;0;0;24.25;6.15619369185;46.1935511343
Addresses6336;2;0;0;0;0;23.0;6.13585887501;46.1771238073
Addresses6352;2;0;0;0;0;24.3;6.16133211383;46.1954087953
Addresses6359;2;0;0;0;0;25.6;6.17407514965;46.2045491388
Addresses6366;1;0;0;0;0;24.3;6.16651295529;46.1954673405
Addresses6373;8;0;0;0;0;21.0;6.12726664311;46.2112122694
Addresses6401;3;0;0;0;0;24.15;6.14782515792;46.2186467826
Addresses6448;0;1;0;0;1;21.15;6.08647944858;46.183740069
Addresses6449;4;0;0;0;0;24.25;6.15364585756;46.1917227776
Addresses6456;2;0;0;0;0;18.55;6.09938431871;46.1856934292
Addresses6474;1;0;0;0;0;21.4;6.1215179823;46.2345372019
Addresses6490;0;1;0;0;1;22.25;6.20406315233;46.2534635969
Addresses6499;2;0;0;0;0;20.5;6.16176911759;46.28718119
Addresses6507;1;0;0;0;0;22.25;6.11268467207;46.171455573
Addresses6508;1;0;0;0;0;21.15;6.08911388718;46.1819722374
Addresses6518;2;0;0;0;0;24.3;6.13780338644;46.2041367585
Addresses6528;5;0;0;0;0;19.65;6.12739676001;46.2058156638
Addresses6549;6;0;0;0;0;19.65;6.13007421547;46.2022480064
Addresses6561;4;0;0;0;0;24.95;6.14065178116;46.1933733648
Addresses6573;2;0;0;0;0;22.25;6.1411237342;46.1735857805
Addresses6586;1;0;0;0;0;21.4;6.12665909159;46.236396444
Addresses6609;4;0;0;0;0;20.2;6.07754006962;46.2304167354
Addresses6624;1;0;0;0;0;25.6;6.1740333237;46.2063480245
Addresses6627;3;0;0;0;0;29.3;6.1457469028;46.1970306076
Addresses6640;6;0;0;0;0;22.65;6.13763127251;46.211332248
Addresses6656;1;0;0;0;0;20.0;6.1122462597;46.1894441751
Addresses6703;7;0;0;0;0;22.65;6.12977120858;46.2148400929
Addresses6717;4;0;0;0;0;20.0;6.10702202214;46.1911819988
Addresses6737;1;0;0;0;0;22.25;6.14437730858;46.2545946568
Addresses6747;1;0;0;0;0;21.4;6.11646472557;46.2290799937
Addresses6779;3;0;0;1;1;22.95;6.12173587157;46.2255428616
Addresses6781;1;0;0;0;0;24.3;6.16141658559;46.1918110355
Addresses6789;1;0;0;0;0;19.65;6.11448611596;46.2038655046
Addresses6796;1;0;0;0;0;18.5;6.10148795478;46.2055115858
Addresses6807;1;0;0;0;0;22.25;6.18702948212;46.2046935939
Addresses6812;1;0;0;0;0;21.15;6.08652414931;46.1819412187
Addresses6814;3;0;0;0;0;21.15;6.09125819937;46.199991728
Addresses6821;1;0;0;0;0;22.25;6.15470773881;46.2565119461
Addresses6829;2;0;0;0;0;24.55;6.13266494343;46.2022780259
Addresses6835;1;0;0;0;0;22.25;6.03384768543;46.2154861563
Addresses6858;6;0;0;2;1;20.2;6.08013210956;46.23044796
Addresses6865;7;0;0;0;0;23.0;6.13819047746;46.1879469156
Addresses6871;3;0;0;0;0;18.5;6.08826569679;46.21615044
Addresses6881;1;0;0;0;0;20.2;6.07476752376;46.2375808522
Addresses6886;3;0;0;0;0;19.65;6.12225851376;46.2039564575
Addresses6894;1;0;0;0;0;22.25;6.17929852646;46.2028082118
Addresses6916;2;1;0;0;1;20.2;6.07740494943;46.2358132889
Addresses6918;3;0;0;0;0;24.3;6.15606645834;46.1989477689
Addresses6925;5;1;0;0;1;25.6;6.16375389865;46.202633623
Addresses6929;2;0;0;0;0;24.25;6.15109819437;46.1898943637
Addresses6940;3;0;0;0;0;20.0;6.10961221094;46.1912125472
Addresses6941;5;0;0;0;0;21.0;6.12480586657;46.2057855235
Addresses6951;1;0;0;0;0;18.5;6.09340393319;46.2180111939
Addresses6973;1;0;0;0;0;21.15;6.07888980745;46.1764512649
Addresses6980;1;0;0;0;0;22.25;6.13663360471;46.1447441987
Addresses6982;4;0;0;1;0;22.95;6.13231932328;46.2166689903
Addresses6988;2;1;0;0;1;20.2;6.07749503252;46.2322155865
Addresses7003;4;0;0;0;0;21.15;6.20282002074;46.1940716055
Addresses7020;1;0;0;0;0;24.3;6.1664288147;46.1990651048
Addresses7028;1;0;0;0;0;21.15;6.09491528401;46.1568501665
Addresses7040;2;1;0;0;1;25.6;6.16366956477;46.2062313865
Addresses7047;6;0;0;0;0;25.6;6.15857237815;46.2025749512
Addresses7055;2;0;0;0;0;20.5;6.16444832288;46.283612707
Addresses7091;1;0;0;0;0;18.5;6.08058146144;46.2124594457
Addresses7094;3;0;0;0;0;20.2;6.07999724638;46.2358445166
Addresses7098;3;0;0;0;0;18.5;6.10407882232;46.2055422611
Addresses7099;3;0;0;0;0;23.0;6.14086634753;46.1843790059
Addresses7121;1;0;0;0;0;18.5;6.10882075003;46.2235920537
Addresses7122;9;0;0;0;0;21.0;6.12463202926;46.2129809939
Addresses7126;4;0;0;0;0;18.5;6.10921659749;46.2074022948
Addresses7129;2;0;0;0;0;20.2;6.08254467167;46.2376745382
Addresses7133;1;0;0;0;0;22.65;6.13486760924;46.2184978303
Addresses7136;5;0;0;0;0;20.0;6.1123339652;46.1858464533
Addresses7154;1;0;0;0;0;20.2;6.17674948315;46.2009803759
Addresses7156;2;0;0;0;0;21.15;6.20031154564;46.1904454077
Addresses7169;1;0;0;0;0;21.15;6.07625530394;46.1782188574
Addresses7179;3;0;0;0;0;22.25;6.1741587933;46.2009513679
Addresses7181;3;0;0;0;0;22.95;6.12964130581;46.2202367034
Addresses7183;4;0;0;0;0;22.95;6.12959799919;46.2220355738
Addresses7186;1;0;0;0;0;24.95;6.13016076328;46.1986502687
Addresses7189;1;0;0;1;1;22.25;6.03380121649;46.2172849888
Addresses7193;0;1;0;0;1;22.25;6.26672761867;46.2343387601
Addresses7194;4;0;0;0;0;20.0;6.12036529591;46.1751443756
Addresses7198;8;0;0;0;0;25.6;6.15853004142;46.204373831
Addresses7200;6;0;0;0;0;22.65;6.13240574535;46.2130712483
Addresses7201;0;1;0;0;1;22.25;6.12842764344;46.270605117
Addresses7226;1;0;0;0;0;23.15;6.1452764297;46.216818235
Addresses7227;1;0;0;0;0;22.25;6.12571776346;46.1680093437
Addresses7231;4;0;0;0;0;25.6;6.16120538538;46.2008054362
Addresses7232;3;0;0;0;0;21.15;6.20022908247;46.1869853635
Addresses7233;1;0;0;0;0;22.25;5.99362994996;46.168193291
Addresses7258;4;0;0;0;0;24.25;6.15895328359;46.1863850399
Addresses7264;1;0;0;0;0;23.0;6.14867865541;46.1826692692
Addresses7271;1;0;0;0;0;18.5;6.111588101;46.216427107
Addresses7290;3;0;0;0;0;23.0;6.14349905056;46.1826099055
Addresses7304;2;0;0;0;0;24.3;6.16901941071;46.1990942902
Addresses7347;1;0;0;0;0;22.25;6.1799768451;46.1617656704
Addresses7350;5;0;0;0;0;20.2;6.07744999245;46.2340144376
Addresses7363;6;0;0;0;0;19.65;6.12484931876;46.2039866563
Addresses7367;3;0;0;0;0;18.5;6.11150029749;46.2200248336
Addresses7382;2;0;0;0;0;18.5;6.08308297244;46.2160883045
Addresses7385;1;0;0;0;0;18.5;6.08831036479;46.214351586
Addresses7404;1;0;0;0;0;19.65;6.12744012661;46.2040167956
Addresses7413;1;0;0;0;0;24.95;6.13806147254;46.1933435285
Addresses7418;4;0;0;0;0;23.15;6.13249215607;46.2094735069
Addresses7439;2;0;0;0;0;24.95;6.14078052944;46.187976749
Addresses7440;4;0;0;0;0;18.55;6.10452006072;46.1875536749
Addresses7451;5;0;0;0;0;22.65;6.13236253574;46.2148701192
Addresses7458;8;0;0;0;0;25.45;6.14583240684;46.193432859
Addresses7480;2;0;0;0;0;22.95;6.12704972461;46.2202066147
Addresses7482;5;0;0;1;0;21.4;6.1216051466;46.2309394654
Addresses7486;0;0;0;0;0;22.25;6.18086885123;46.204886382
Addresses7487;0;0;0;0;0;22.25;6.0957114005;46.1535847277
Addresses7488;0;0;0;0;0;22.25;6.03829931393;46.2146681111
Addresses7489;0;0;0;0;0;21.15;6.03972500127;46.2174333025
Addresses7490;0;0;0;0;0;22.25;6.13502102324;46.2018774344
Addresses7491;0;0;0;0;0;20.5;6.10561330199;46.2117747482
Addresses7492;0;0;0;0;0;20.5;6.14219548392;46.1625555824
Addresses7493;0;0;0;0;0;20.2;6.14522634618;46.1602449434
Addresses7494;0;0;0;0;0;22.25;6.2211455806;46.2071962425
Addresses7495;0;0;0;0;0;20.5;6.22405183625;46.203328212
Addresses7496;0;0;0;0;0;22.25;6.13038670667;46.185798024
Addresses7497;0;0;0;0;0;20.5;6.17753691604;46.1627307669
Addresses7498;0;0;0;0;0;27.65;6.18222156287;46.2063779967
Addresses7499;0;0;0;0;0;22.25;6.17939872255;46.2035401837
Addresses7500;0;0;0;0;0;22.25;6.08932646772;46.1571703402
Addresses7501;0;0;0;0;0;22.25;6.08655133824;46.1524683935
Addresses7502;0;0;0;0;0;22.25;6.12341202858;46.1701234599
Addresses7503;0;0;0;0;0;22.25;6.09884210559;46.1972434848
Addresses7504;0;0;0;0;0;22.25;6.11549523817;46.1656932346
Addresses7505;0;0;0;0;0;22.25;6.19612221329;46.2046374031
Addresses7506;0;0;0;0;0;22.25;6.10609389536;46.1801057729
Addresses7507;0;0;0;0;0;20.5;6.12480734423;46.1850546529
Addresses7508;0;0;0;0;0;20.5;6.14349614349;46.1766337442
Addresses7509;0;0;0;0;0;22.25;6.14388555195;46.1788938085
Addresses7510;0;0;0;0;0;20.2;6.13089815544;46.1728016866
Addresses7511;0;0;0;0;0;22.25;6.13143456111;46.1681821023
Addresses7512;0;0;0;0;0;24.3;6.0603524232;46.1742209325
Addresses7513;0;0;0;0;0;22.25;6.2004347656;46.2404907327
Addresses7514;0;0;0;0;0;22.25;6.17548444638;46.1944163126
Addresses7515;0;0;0;0;0;22.25;6.18224453249;46.1929330076
Addresses7516;0;0;0;0;0;22.25;6.19259114885;46.1984923407
Addresses7517;0;0;0;0;0;22.25;6.19809186362;46.2009741557
Addresses7518;0;0;0;0;0;22.25;6.22554365488;46.2546483289
Addresses7519;0;0;0;0;0;20.5;6.10019808976;46.1709064448
Addresses7520;0;0;0;0;0;22.25;6.09569179881;46.1586679791
Addresses7521;0;0;0;0;0;22.25;6.19815121634;46.1982478006
Addresses7522;0;0;0;0;0;20.2;6.19486193057;46.1989497551
Addresses7523;0;0;0;0;0;22.25;6.11917071605;46.1859251092
Addresses7524;0;0;0;0;0;22.25;6.16057330622;46.1769496755
Addresses7525;0;0;0;0;0;22.25;6.09539677548;46.1963949946
Addresses7526;0;0;0;0;0;22.25;6.08507491572;46.1753980594
Addresses7527;0;0;0;0;0;22.25;6.23526213852;46.2130275437
Addresses7528;0;0;0;0;0;22.25;6.16032763396;46.2815822048
Addresses7529;0;0;0;0;0;22.25;6.21351234075;46.2034083492
Addresses7530;0;0;0;0;0;20.5;6.11562475131;46.2252741825
Addresses7531;0;0;0;0;0;20.5;6.10564970746;46.2225522772
Addresses7532;0;0;0;0;0;22.25;6.11012949637;46.2254268938
Addresses7533;0;0;0;0;0;22.25;6.16295774523;46.2678511806
Addresses7534;0;0;0;0;0;20.5;6.23373548943;46.2139092797
Addresses7535;0;0;0;0;0;22.25;6.10876124633;46.1640194482
Addresses7536;0;0;0;0;0;22.25;6.10603213428;46.2056635077
Addresses7537;0;0;0;0;0;20.5;6.10561559289;46.1509238085
Addresses7538;0;0;0;0;0;20.2;6.129923886;46.2728550517
Addresses7539;0;0;0;0;0;22.25;6.1228309565;46.2719813727
Addresses7540;0;0;0;0;0;22.25;6.22708661097;46.2769294849
Addresses7541;0;0;0;0;0;22.25;6.11492015826;46.2808008962
Addresses7542;0;0;0;0;0;22.25;6.06772617322;46.1785093454
Addresses7543;0;0;0;0;0;22.95;6.22107316971;46.2228819328
Addresses7544;0;0;0;0;0;22.25;6.00898070962;46.1548195093
Addresses7545;0;0;0;0;0;20.5;6.16298490176;46.1779539495
Addresses7546;0;0;0;0;0;22.25;6.1974586421;46.1963768342
Addresses7547;0;0;0;0;0;20.5;6.1982208491;46.1970711283
Addresses7548;0;0;0;0;0;22.25;6.13277509766;46.1709274032
Addresses7549;0;0;0;0;0;20.2;6.12035012768;46.151224461
Addresses7550;0;0;0;0;0;21.15;6.1495809223;46.243744385
Addresses7551;0;0;0;0;0;22.25;6.22947826264;46.2597295541
Addresses7552;0;0;0;0;0;22.25;6.11858329427;46.1942449136
Addresses7553;0;0;0;0;0;22.25;6.11367770595;46.214917565
Addresses7554;0;0;0;0;0;22.25;6.10673569949;46.2125955183
Addresses7555;0;0;0;0;0;22.25;6.11289690724;46.2226042176
Addresses7556;0;0;0;0;0;22.25;6.11580488629;46.2267569764
Addresses7557;0;0;0;0;0;22.25;6.11131705792;46.1651533546
Addresses7558;0;0;0;0;0;22.25;6.11980066288;46.2103268542
Addresses7559;0;0;0;0;0;22.25;6.16606665996;46.2857360419
Addresses7560;0;0;0;0;0;22.25;6.16629920792;46.2891200712
Addresses7561;0;0;0;0;0;22.25;6.03041094126;46.2155608785
Addresses7562;0;0;0;0;0;22.25;6.09647708867;46.1811167936
Addresses7563;0;0;0;0;0;22.25;6.10121866941;46.1782439794
Addresses7564;0;0;0;0;0;22.25;6.16200507207;46.176747494
Addresses7565;0;0;0;0;0;22.25;6.16471496764;46.1770055645
Addresses7566;0;0;0;0;0;22.25;6.16386585967;46.1789603978
Addresses7567;0;0;0;0;0;22.25;6.10955011575;46.2144390991
Addresses7568;0;0;0;0;0;22.25;6.10772715762;46.2160102845
Addresses7569;0;0;0;0;0;22.25;6.10009857236;46.2050782249
Addresses7570;0;0;0;0;0;22.25;6.12324102771;46.1882664695
Addresses7571;0;0;0;0;0;22.25;6.04008954475;46.1421445683
Addresses7572;0;0;0;0;0;22.25;6.13784265178;46.1452687517
Addresses7573;0;0;0;0;0;20.2;6.13332085245;46.1414496085
Addresses7574;0;0;0;0;0;20.2;6.17979016422;46.1733903763
Addresses7575;0;0;0;0;0;22.25;6.0303257443;46.2176441014
Addresses7576;0;0;0;0;0;22.25;6.13615636031;46.1931190672
Addresses7577;0;0;0;0;0;22.25;5.99651940606;46.151942474
Addresses7578;0;0;0;0;0;22.25;6.22718422097;46.2740966424
Addresses7579;0;0;0;0;0;22.25;6.23734459078;46.2464504969
Addresses7580;0;0;0;0;0;22.25;6.12770877509;46.2015534159
Addresses7581;0;0;0;0;0;22.25;6.07014979283;46.2315603969
Addresses7582;0;0;0;0;0;22.25;6.10378817399;46.2182454454
Addresses7583;0;0;0;0;0;20.2;6.11897813831;46.2087501405
Addresses7584;0;0;0;0;0;22.25;6.12227149497;46.2107043528
Addresses7585;0;0;0;0;0;22.25;6.12313955281;46.1781588003
Addresses7586;0;0;0;0;0;22.25;6.14372716674;46.1781908624
Addresses7587;0;0;0;0;0;22.25;6.13921054472;46.1736242786
Addresses7588;0;0;0;0;0;20.5;6.1665636594;46.2015962406
Addresses7589;0;0;0;0;0;22.25;6.17190817319;46.2027308237
Addresses7590;0;0;0;0;0;22.25;6.19121112516;46.1929324743
Addresses7591;0;0;0;0;0;22.25;6.04295442509;46.2009567296
Addresses7592;0;0;0;0;0;22.25;6.12185355904;46.23697406
Addresses7593;0;0;0;0;0;22.25;6.14582579815;46.2219784386
Addresses7594;0;0;0;0;0;22.25;6.14274584175;46.2154029957
Addresses7595;0;0;0;0;0;22.25;6.15886365883;46.2919686378
Addresses7596;0;0;0;0;0;22.25;6.08365876249;46.1770737986
Addresses7597;0;0;0;0;0;20.2;6.17236587965;46.1922616211
Addresses7598;0;0;0;0;0;22.25;6.07574714755;46.1832304921
Addresses7599;0;0;0;0;0;22.25;6.07617647291;46.1805956934
Addresses7600;0;0;0;0;0;22.25;6.07979453814;46.183142631
Addresses7601;0;0;0;0;0;22.25;6.08281077433;46.1789370244
Addresses7602;0;0;0;0;0;22.25;6.20980133415;46.1939951838
Addresses7603;0;0;0;0;0;22.25;6.10663504455;46.1728957239
Addresses7604;0;0;0;0;0;22.25;6.22347553749;46.2197906291
Addresses7605;0;0;0;0;0;20.5;6.07028977271;46.1798811603
Addresses7606;0;0;0;0;0;22.25;6.08993757662;46.1788180569
Addresses7607;0;0;0;0;0;22.25;6.09557981067;46.1790442748
Addresses7608;0;0;0;0;0;20.5;6.09720488094;46.1800983667
Addresses7609;0;0;0;0;0;22.25;6.09308475499;46.1816589062
Addresses7610;0;0;0;0;0;20.5;6.10014726355;46.1799073833
Addresses7611;0;0;0;0;0;22.25;6.10714612265;46.1816093061
Addresses7612;0;0;0;0;0;20.5;6.10833359005;46.1792652653
Addresses7613;0;0;0;0;0;22.25;6.10797450508;46.1807813376
