Addresses16;0;1;0;1;2;20.2;6.20002484989;46.203037668
Addresses74;2;0;0;0;0;18.5;6.10886474465;46.2217931911
Addresses120;1;0;0;0;0;21.0;6.11958046203;46.20752393
Addresses149;0;1;0;0;1;21.0;6.12204079627;46.2129507902
Addresses253;1;0;0;0;0;18.5;6.10631717814;46.2199637642
Addresses265;1;0;0;0;0;22.8;6.14264212999;46.2185873801
Addresses280;1;1;0;1;1;21.0;6.12467549287;46.2111821261
Addresses284;1;0;0;0;0;22.95;6.12199724419;46.2147496572
Addresses332;1;0;0;0;0;29.3;6.14829472031;46.1988591429
Addresses462;1;0;0;0;0;22.25;6.03643898918;46.2155183834
Addresses472;2;0;0;1;1;25.6;6.16112088587;46.2044031976
Addresses477;1;0;0;1;1;24.55;6.13801846525;46.1951423998
Addresses485;1;0;0;0;0;22.25;6.09165909829;46.1838020491
Addresses492;0;1;0;0;1;20.0;6.11518643751;46.1750837127
Addresses504;0;1;0;1;2;22.25;6.16470149272;46.2728193841
Addresses514;2;0;0;0;0;23.15;6.13499698974;46.2131012142
Addresses552;1;0;0;1;1;24.3;6.16396468488;46.1936392167
Addresses563;1;0;0;0;0;20.2;6.08276901527;46.2286802721
Addresses585;1;0;0;0;0;24.3;6.16124763097;46.1990065558
Addresses595;1;0;0;0;0;21.4;6.12402323866;46.2381651564
Addresses664;1;0;0;0;0;22.95;6.12713650056;46.2166088762
Addresses665;1;0;0;0;0;20.0;6.11751384399;46.185907247
Addresses673;1;0;0;1;1;21.4;6.11901306006;46.2309091924
Addresses685;1;0;0;0;0;18.55;6.10188585245;46.1893218666
Addresses687;1;0;0;0;0;22.95;6.124327704;46.2255730722
Addresses695;1;1;0;2;2;23.0;6.13823347345;46.186148045
Addresses719;1;0;0;0;0;24.25;6.1588686574;46.1899827969
Addresses745;2;0;0;0;0;18.5;6.11167589298;46.2128293809
Addresses766;1;0;0;0;0;20.0;6.11483636872;46.1894746036
Addresses811;1;0;0;0;0;20.2;6.07758510376;46.2286178844
Addresses897;1;1;0;2;2;18.55;6.10456416863;46.1857548171
Addresses911;1;0;0;1;1;24.55;6.13275132008;46.1986802862
Addresses915;2;0;0;0;0;22.65;6.13495386574;46.2149000861
Addresses916;1;0;0;0;0;19.65;6.11439852401;46.2074632313
Addresses960;2;0;0;0;0;25.45;6.14578965622;46.1952317332
Addresses1018;0;1;0;2;3;22.65;6.13745911333;46.2185277396
Addresses1114;2;0;0;0;0;19.65;6.12217143535;46.2075541902
Addresses1133;2;0;0;0;0;24.25;6.15623609745;46.1917522563
Addresses1159;3;0;0;0;0;27.65;6.14791055815;46.2150490287
Addresses1192;1;0;0;0;0;24.3;6.16383822145;46.19903586
Addresses1208;1;0;0;0;0;23.0;6.1356004283;46.1879170229
Addresses1291;1;0;0;0;0;19.65;6.13257855543;46.2058757661
Addresses1319;1;1;0;0;1;20.2;6.08004220373;46.2340456643
Addresses1346;1;0;0;0;0;20.0;6.12027813795;46.1787421013
Addresses1354;1;0;0;0;0;24.3;6.16128987379;46.1972076755
Addresses1366;3;0;0;0;0;24.55;6.1301174908;46.2004491375
Addresses1373;0;1;0;0;1;20.5;6.16436391071;46.2872104818
Addresses1385;1;0;0;0;0;24.3;6.15874169726;46.1953794335
Addresses1503;2;0;0;0;0;25.45;6.14337058423;46.1880065229
Addresses1562;1;0;0;0;0;24.3;6.1613743511;46.1936099153
Addresses1573;2;0;0;0;0;20.0;6.11777586528;46.1751140739
Addresses1605;1;0;0;0;0;24.95;6.13551425676;46.1915147627
Addresses1608;1;0;0;0;0;29.3;6.14820937057;46.2024568943
Addresses1637;0;1;0;1;2;20.5;6.16432170046;46.2890093693
Addresses1642;1;0;0;0;0;20.0;6.10711007556;46.1875842807
Addresses1662;3;0;0;0;0;25.6;6.16116313701;46.2026043168
Addresses1687;1;0;0;0;0;22.25;6.07884485903;46.1782501118
Addresses1688;2;0;0;0;0;24.25;6.15615128347;46.1953500123
Addresses1765;1;0;0;0;0;23.0;6.14354186705;46.1808110334
Addresses1768;1;0;0;0;0;21.9;6.19763927398;46.1940147263
Addresses1771;1;0;0;0;0;18.5;6.09639501278;46.2018523446
Addresses1780;1;0;0;0;0;18.55;6.10447594992;46.1893525329
Addresses1794;1;0;0;0;0;21.15;6.20027059717;46.1922443016
Addresses1816;1;0;0;0;0;18.5;6.08053653954;46.2142582966
Addresses1818;1;0;0;1;1;20.2;6.06726269013;46.2266935488
Addresses1822;2;0;0;0;0;24.55;6.13793244221;46.1987401428
Addresses1833;0;1;0;0;1;20.2;6.18707087738;46.2028947037
Addresses1852;2;0;0;0;0;27.65;6.14803863745;46.2096523989
Addresses1877;1;0;0;0;0;24.25;6.1563209003;46.188154501
Addresses1893;2;0;0;0;0;21.4;6.11905672358;46.2291103253
Addresses1900;1;0;0;0;0;18.55;6.10697799109;46.192980858
Addresses1901;3;0;0;0;0;18.5;6.10890873637;46.2199943286
Addresses1915;1;0;0;0;0;23.15;6.14026538406;46.2095632204
Addresses1921;1;0;0;0;0;20.0;6.12291123735;46.1769734817
Addresses1932;1;0;0;0;0;20.0;6.11466126535;46.1966700529
Addresses2006;3;0;0;0;0;20.0;6.12299821859;46.1733757544
Addresses2007;0;1;0;0;1;18.5;6.11435472371;46.2092620949
Addresses2014;1;0;0;0;0;18.5;6.11171978464;46.211030518
Addresses2029;2;0;0;0;0;22.65;6.13244895213;46.2112723776
Addresses2047;2;0;0;0;0;27.65;6.14799594715;46.2114512754
Addresses2071;1;0;0;0;0;22.25;6.11272849748;46.1696567138
Addresses2077;1;0;0;0;0;20.2;6.07735990344;46.2376121403
Addresses2095;1;1;0;1;2;20.2;6.08017705804;46.228649108
Addresses2112;3;0;0;0;0;27.65;6.15054451536;46.2132797612
Addresses2148;1;0;0;0;0;19.65;6.11444232142;46.2056643679
Addresses2176;2;0;0;0;0;25.6;6.1586147121;46.2007760716
Addresses2220;0;1;0;0;1;21.9;6.19237611423;46.1975553922
Addresses2256;2;0;0;0;0;24.95;6.13555734395;46.1897158927
Addresses2274;1;0;0;0;0;23.15;6.13758823696;46.2131311207
Addresses2289;2;0;0;0;0;24.3;6.16655502144;46.1936684586
Addresses2295;1;0;0;0;0;21.15;6.20022964602;46.1940431956
Addresses2302;1;0;0;0;0;25.6;6.16379606144;46.2008347414
Addresses2344;1;0;0;0;0;20.2;6.07490290988;46.2321843014
Addresses2390;1;0;0;0;0;21.0;6.11426711449;46.2128598224
Addresses2401;1;0;0;0;0;25.6;6.16634466306;46.2026628697
Addresses2405;2;0;0;2;2;24.95;6.138104477;46.1915446574
Addresses2410;1;0;0;0;0;21.0;6.11431092054;46.2110609586
Addresses2423;1;0;0;0;0;20.0;6.12506653688;46.1949923222
Addresses2449;2;0;0;0;0;18.5;6.09380432514;46.201821493
Addresses2461;2;0;0;0;0;25.45;6.14319925642;46.1952020148
Addresses2468;1;0;0;0;0;20.2;6.07995228607;46.237643369
Addresses2559;1;0;0;0;0;18.5;6.09085706337;46.2161814186
Addresses2586;2;0;0;0;0;25.45;6.14587515465;46.191633985
Addresses2638;1;0;0;0;0;19.65;6.12221497599;46.2057553238
Addresses2689;1;0;0;0;0;24.15;6.1477824536;46.2204456598
Addresses2690;1;0;0;0;0;21.0;6.12212789185;46.2093530567
Addresses2708;2;0;0;0;0;21.0;6.1350401109;46.2113023425
Addresses2709;1;0;0;0;0;22.95;6.12177944083;46.2237439938
Addresses2740;1;0;0;0;0;20.0;6.11997299495;46.1913341465
Addresses2753;1;0;0;0;0;22.25;6.11285995645;46.164260137
Addresses2764;2;0;0;0;0;21.0;6.1245885628;46.2147798619
Addresses2810;1;0;0;0;0;18.5;6.09889709014;46.2054808511
Addresses2818;1;0;0;0;0;22.25;6.14108084346;46.175384651
Addresses2844;1;0;0;0;0;22.95;6.12437118761;46.2237742035
Addresses2862;1;0;0;0;0;24.15;6.14786785944;46.2168479056
Addresses2891;2;0;0;0;0;22.95;6.12981450381;46.213041223
Addresses2894;1;0;0;0;0;22.95;6.13478134141;46.2220955749
Addresses2917;2;0;0;0;0;23.15;6.13253535717;46.2076746365
Addresses2925;1;0;0;0;0;20.0;6.11229011389;46.1876453141
Addresses2938;3;0;0;0;0;25.45;6.14324209259;46.1934031416
Addresses3021;1;0;0;0;0;20.2;6.18448009101;46.2028659325
Addresses3027;1;0;0;1;1;25.45;6.14591789965;46.1898351111
Addresses3086;1;0;0;0;0;21.9;6.19759823458;46.1958136195
Addresses3151;1;0;0;0;0;24.25;6.15373083149;46.1881250242
Addresses3221;1;0;0;0;0;24.55;6.13529877839;46.200509115
Addresses3314;1;0;0;0;0;24.3;6.1428993244;46.2077941316
Addresses3332;1;0;0;0;0;24.3;6.1716938078;46.195525648
Addresses3353;1;1;0;1;2;18.55;6.10438771963;46.1929502492
Addresses3386;1;0;0;0;0;24.3;6.1561088723;46.1971488906
Addresses3421;1;0;0;0;0;24.15;6.14531921403;46.2150193591
Addresses3428;1;0;0;0;0;24.55;6.13784640785;46.2023378864
Addresses3451;1;0;0;0;0;21.15;6.20286088634;46.1922727105
Addresses3461;0;1;0;0;1;22.95;6.13223288985;46.2202667327
Addresses3468;1;0;0;0;0;20.5;6.16185370145;46.2835834171
Addresses3514;1;0;0;0;0;20.2;6.10627310078;46.2217626257
Addresses3568;1;0;0;0;0;22.8;6.14259925439;46.2203862553
Addresses3582;1;0;0;0;0;22.25;6.13344192503;46.1698983912
Addresses3632;1;0;0;0;0;22.95;6.12450162129;46.2183775981
Addresses3648;2;0;0;2;1;23.15;6.13508322923;46.2095034709
Addresses3657;2;0;0;0;0;18.5;6.0989413982;46.2036819938
Addresses3676;2;0;0;0;0;21.0;6.12998765629;46.2058457447
Addresses3688;1;0;0;0;0;22.95;6.12428421753;46.227371941
Addresses3705;1;0;0;0;0;22.95;6.12717988426;46.2148100071
Addresses3791;1;1;0;1;1;21.9;6.1976803107;46.1922158332
Addresses3820;1;0;0;0;0;20.2;6.18978557917;46.1975267427
Addresses3822;2;0;0;0;0;20.0;6.12554416574;46.1752048009
Addresses3855;1;0;0;0;0;24.95;6.14069470007;46.1915744927
Addresses3880;0;1;0;0;1;20.5;6.16181141092;46.2853823035
Addresses3884;1;0;0;0;0;24.25;6.16145881731;46.1900121558
Addresses3897;2;0;0;0;0;18.55;6.10443183623;46.1911513909
Addresses3904;2;0;0;0;0;18.55;6.10184165321;46.1911207237
Addresses3997;4;0;0;0;0;25.45;6.1433277565;46.1898053956
Addresses4011;2;0;0;1;1;22.25;6.17411697285;46.2027502533
Addresses4014;1;0;0;0;0;24.25;6.15097046425;46.1952909916
Addresses4091;1;0;0;0;0;21.0;6.12722326511;46.2130111382
Addresses4124;0;2;0;2;4;21.4;6.11910038423;46.2273114583
Addresses4132;2;0;0;3;2;18.5;6.09630622842;46.2054500569
Addresses4149;1;0;0;0;0;18.5;6.109172626;46.2092011564
Addresses4162;1;0;0;0;0;21.0;6.12476241153;46.2075843909
Addresses4169;1;0;0;0;0;21.9;6.19504890465;46.1939861975
Addresses4182;1;0;0;0;0;18.55;6.10193004879;46.1875230097
Addresses4223;2;0;0;0;0;18.55;6.09929575788;46.1892911409
Addresses4261;1;0;0;0;0;29.3;6.15593919975;46.204344405
Addresses4262;1;0;0;0;0;23.15;6.14022243694;46.211362094
Addresses4264;3;0;0;0;0;21.0;6.12731001826;46.2094134007
Addresses4297;1;0;0;0;0;21.9;6.19241732747;46.1957565007
Addresses4350;1;0;0;0;0;25.45;6.14596064184;46.1880362373
Addresses4366;1;0;0;0;0;25.6;6.16638674026;46.2008639872
Addresses4378;1;0;0;0;0;23.0;6.14604611781;46.1844384903
Addresses4396;1;0;0;0;0;22.95;6.12169229945;46.2273417294
Addresses4458;0;1;0;0;1;20.2;6.07990732281;46.2394422215
Addresses4460;3;0;0;0;0;24.95;6.13814747864;46.1897457865
Addresses4501;1;0;0;0;0;29.3;6.1560240416;46.2007466475
Addresses4521;1;0;0;0;0;22.65;6.13491073891;46.2166989581
Addresses4588;1;0;0;0;0;22.8;6.14000765902;46.2203564638
Addresses4639;1;0;0;0;0;21.0;6.12471895363;46.2093832584
Addresses4655;1;0;0;0;0;23.0;6.13831945696;46.1825503042
Addresses4713;1;0;0;0;0;24.25;6.16404897999;46.1900414552
Addresses4743;1;0;0;0;0;21.15;6.20533336402;46.192418224
Addresses4751;3;0;0;1;0;29.3;6.14315641743;46.1970008882
Addresses4800;0;1;0;0;1;21.15;6.20536961543;46.195898852
Addresses4815;1;0;0;0;0;24.3;6.14030832835;46.207764347
Addresses4822;2;0;0;0;0;27.65;6.15058712284;46.2114808836
Addresses4889;1;0;0;0;0;24.95;6.11984217643;46.1967307397
Addresses4920;1;0;0;0;0;19.65;6.1300309373;46.2040468755
Addresses4927;2;0;0;0;0;27.65;6.14540477427;46.2114216077
Addresses4976;1;0;0;0;0;22.25;6.19916397094;46.2408144898
Addresses4999;1;0;0;0;0;23.0;6.13564350982;46.1861181532
Addresses5039;1;0;0;0;0;20.0;6.12001659539;46.1895352824
Addresses5050;0;1;0;0;1;21.15;6.21807978535;46.2068331245
Addresses5081;1;0;0;0;0;20.0;6.1229547294;46.175174618
Addresses5104;2;0;0;0;0;27.65;6.14544755017;46.2096227322
Addresses5111;0;1;0;0;1;20.2;6.06989983204;46.2249261616
Addresses5121;1;0;0;0;0;25.6;6.15598162207;46.2025455262
Addresses5160;1;0;0;0;0;25.6;6.1637117331;46.2044325047
Addresses5165;2;0;0;0;0;24.55;6.13534187973;46.1987102442
Addresses5180;1;0;0;0;0;21.15;6.19780340466;46.1868191548
Addresses5198;1;0;0;0;0;21.9;6.20277915246;46.1958705006
Addresses5233;1;0;0;0;0;24.3;6.14294218028;46.2059952574
Addresses5266;2;0;0;0;0;23.15;6.13512634473;46.2077045994
Addresses5294;1;0;0;0;0;23.15;6.13516945739;46.2059057281
Addresses5333;1;0;0;0;0;22.65;6.13750215737;46.2167288665
Addresses5358;2;0;0;0;0;25.6;6.16107863195;46.2062020785
Addresses5423;1;0;0;0;0;20.0;6.12558756945;46.1734059364
Addresses5454;1;0;0;0;0;25.45;6.14060885943;46.1951722371
Addresses5500;1;0;0;0;0;25.45;6.14328492595;46.1916042685
Addresses5532;1;0;0;1;1;24.25;6.15627850027;46.1899533786
Addresses5574;2;0;0;0;0;24.25;6.15891097189;46.1881839183
Addresses5585;2;0;0;0;0;18.55;6.10197424222;46.1857241529
Addresses5590;3;0;0;0;0;21.0;6.12994437244;46.2076446141
Addresses5626;1;0;0;0;0;18.55;6.10179745107;46.1929195809
Addresses5644;1;0;0;0;0;20.2;6.17420061101;46.1991524827
Addresses5673;2;0;0;0;0;24.3;6.1638803787;46.1972369788
Addresses5676;1;0;0;0;0;23.0;6.14073761616;46.1897756208
Addresses5697;2;0;0;0;0;24.25;6.15356087247;46.1953205317
Addresses5772;1;0;0;0;0;23.0;6.14345623126;46.1844087778
Addresses5796;1;0;0;0;0;18.55;6.09942859477;46.1838945736
Addresses5805;1;0;0;0;0;23.0;6.14608885158;46.1826396171
Addresses5820;1;0;0;0;0;29.3;6.14561862567;46.2024272315
Addresses5822;2;0;0;0;0;27.65;6.14536199556;46.2132204833
Addresses5826;2;0;0;0;0;24.55;6.13797545514;46.1969412713
Addresses5850;1;0;0;1;1;23.0;6.14863600716;46.1844681434
Addresses5854;3;0;0;0;0;27.65;6.14795325405;46.213250152
Addresses5916;1;0;0;0;0;24.25;6.14838005884;46.1952613921
Addresses5936;1;0;0;0;0;18.5;6.11677088938;46.2164879345
Addresses5937;1;0;0;0;0;20.5;6.16440611818;46.2854115944
Addresses5938;1;0;0;0;0;20.0;6.10970009328;46.1876148271
Addresses5965;1;0;0;0;0;19.65;6.11703320341;46.2056947459
Addresses5972;2;0;0;1;1;24.25;6.15368834592;46.1899239008
Addresses6006;0;1;0;0;1;20.5;6.16423727161;46.2926071446
Addresses6014;1;0;0;0;0;24.25;6.15360336641;46.1935216546
Addresses6022;2;0;0;0;0;24.3;6.13771733513;46.2077345029
Addresses6034;1;0;0;0;0;21.0;6.12735339056;46.2076145322
Addresses6049;1;0;0;0;0;21.15;6.20290174925;46.1904738157
Addresses6084;3;0;0;0;0;23.15;6.13767430523;46.2095333754
Addresses6119;1;0;0;0;0;20.0;6.11738279464;46.1913038358
Addresses6240;2;0;0;2;1;23.0;6.14082343989;46.1861778773
Addresses6266;1;0;0;0;0;18.5;6.1114563914;46.221823697
Addresses6269;1;0;0;0;0;24.3;6.16659708482;46.1918695769
Addresses6293;1;0;0;0;0;24.55;6.14056593488;46.1969711095
Addresses6320;2;0;0;0;0;24.55;6.13788942644;46.2005390146
Addresses6332;2;0;0;0;0;21.0;6.1298577962;46.2112423532
Addresses6336;1;0;0;0;0;23.0;6.13585887501;46.1771238073
Addresses6359;1;0;0;0;0;25.6;6.17407514965;46.2045491388
Addresses6373;3;1;0;1;1;21.0;6.12726664311;46.2112122694
Addresses6401;1;0;0;0;0;24.15;6.14782515792;46.2186467826
Addresses6449;1;0;0;0;0;24.25;6.15364585756;46.1917227776
Addresses6499;0;1;0;0;1;20.5;6.16176911759;46.28718119
Addresses6528;2;0;0;0;0;19.65;6.12739676001;46.2058156638
Addresses6549;2;0;0;0;0;19.65;6.13007421547;46.2022480064
Addresses6561;1;0;0;0;0;25.45;6.14065178116;46.1933733648
Addresses6573;0;1;0;0;1;22.25;6.1411237342;46.1735857805
Addresses6609;1;0;0;0;0;20.2;6.07754006962;46.2304167354
Addresses6627;1;0;0;0;0;29.3;6.1457469028;46.1970306076
Addresses6640;2;0;0;0;0;23.15;6.13763127251;46.211332248
Addresses6703;2;0;0;0;0;22.65;6.12977120858;46.2148400929
Addresses6717;1;0;0;0;0;20.0;6.10702202214;46.1911819988
Addresses6779;1;0;0;0;0;21.4;6.12173587157;46.2255428616
Addresses6814;1;0;0;0;0;18.5;6.09125819937;46.199991728
Addresses6829;1;0;0;0;0;24.55;6.13266494343;46.2022780259
Addresses6858;2;0;0;1;1;20.2;6.08013210956;46.23044796
Addresses6865;2;0;0;0;0;23.0;6.13819047746;46.1879469156
Addresses6871;1;0;0;0;0;18.5;6.08826569679;46.21615044
Addresses6886;1;0;0;0;0;19.65;6.12225851376;46.2039564575
Addresses6916;1;0;0;0;0;20.2;6.07740494943;46.2358132889
Addresses6918;1;0;0;0;0;25.6;6.15606645834;46.1989477689
Addresses6925;2;0;0;0;0;25.6;6.16375389865;46.202633623
Addresses6940;1;0;0;0;0;20.0;6.10961221094;46.1912125472
Addresses6941;2;0;0;0;0;21.0;6.12480586657;46.2057855235
Addresses6982;1;0;0;0;0;22.65;6.13231932328;46.2166689903
Addresses6988;1;0;0;1;1;20.2;6.07749503252;46.2322155865
Addresses7003;1;0;0;0;0;21.15;6.20282002074;46.1940716055
Addresses7040;1;0;0;0;0;25.6;6.16366956477;46.2062313865
Addresses7047;2;0;0;0;0;25.6;6.15857237815;46.2025749512
Addresses7094;1;0;0;0;0;20.2;6.07999724638;46.2358445166
Addresses7098;1;0;0;0;0;18.5;6.10407882232;46.2055422611
Addresses7099;1;0;0;0;0;23.0;6.14086634753;46.1843790059
Addresses7122;3;0;0;0;0;21.0;6.12463202926;46.2129809939
Addresses7126;1;0;0;0;0;18.5;6.10921659749;46.2074022948
Addresses7129;1;0;0;0;0;20.2;6.08254467167;46.2376745382
Addresses7136;2;0;0;0;0;20.0;6.1123339652;46.1858464533
Addresses7156;1;0;0;0;0;21.15;6.20031154564;46.1904454077
Addresses7179;1;0;0;0;0;22.25;6.1741587933;46.2009513679
Addresses7181;1;0;0;0;0;22.95;6.12964130581;46.2202367034
Addresses7183;1;0;0;0;0;22.95;6.12959799919;46.2220355738
Addresses7194;1;0;0;0;0;20.0;6.12036529591;46.1751443756
Addresses7198;3;0;0;0;0;25.6;6.15853004142;46.204373831
Addresses7200;2;0;0;0;0;21.0;6.13240574535;46.2130712483
Addresses7231;1;0;0;0;0;25.6;6.16120538538;46.2008054362
Addresses7232;1;0;0;1;1;21.15;6.20022908247;46.1869853635
Addresses7258;1;0;0;0;0;24.25;6.15895328359;46.1863850399
Addresses7290;0;1;0;0;1;23.0;6.14349905056;46.1826099055
Addresses7350;1;1;0;0;1;20.2;6.07744999245;46.2340144376
Addresses7363;2;0;0;0;0;19.65;6.12484931876;46.2039866563
Addresses7367;1;0;0;0;0;18.5;6.11150029749;46.2200248336
Addresses7418;1;0;0;0;0;21.0;6.13249215607;46.2094735069
Addresses7440;1;0;0;0;0;18.55;6.10452006072;46.1875536749
Addresses7451;3;0;0;2;1;22.65;6.13236253574;46.2148701192
Addresses7458;3;0;0;0;0;25.45;6.14583240684;46.193432859
Addresses7480;1;0;0;0;0;22.95;6.12704972461;46.2202066147
Addresses7482;1;0;0;0;0;21.4;6.1216051466;46.2309394654
Addresses7486;0;10;10;0;0;22.25;6.18086885123;46.204886382
Addresses7487;0;10;10;0;0;22.25;6.0957114005;46.1535847277
Addresses7488;2;8;10;3;1;20.2;6.03829931393;46.2146681111
Addresses7489;0;10;10;0;0;22.25;6.03972500127;46.2174333025
Addresses7490;8;2;10;8;0;22.25;6.13502102324;46.2018774344
Addresses7491;1;9;10;2;1;22.25;6.10561330199;46.2117747482
Addresses7492;0;10;10;0;0;20.5;6.14219548392;46.1625555824
Addresses7493;0;10;10;0;0;22.25;6.14522634618;46.1602449434
Addresses7494;1;9;10;1;0;22.25;6.2211455806;46.2071962425
Addresses7495;0;10;10;0;0;22.25;6.22405183625;46.203328212
Addresses7496;3;7;10;3;0;22.25;6.13038670667;46.185798024
Addresses7497;0;10;10;0;0;22.25;6.17753691604;46.1627307669
Addresses7498;0;10;10;0;0;22.25;6.18222156287;46.2063779967
Addresses7499;0;10;10;1;1;22.25;6.17939872255;46.2035401837
Addresses7500;0;10;10;0;0;22.25;6.08932646772;46.1571703402
Addresses7501;0;10;10;0;0;22.25;6.08655133824;46.1524683935
Addresses7502;1;9;10;3;2;22.25;6.12341202858;46.1701234599
Addresses7503;0;10;10;0;0;24.95;6.09884210559;46.1972434848
Addresses7504;1;9;10;1;0;20.5;6.11549523817;46.1656932346
Addresses7505;0;10;10;0;0;22.25;6.19612221329;46.2046374031
Addresses7506;0;10;10;0;0;22.25;6.10609389536;46.1801057729
Addresses7507;0;10;10;1;1;22.25;6.12480734423;46.1850546529
Addresses7508;0;10;10;0;0;21.15;6.14349614349;46.1766337442
Addresses7509;1;9;10;1;0;20.5;6.14388555195;46.1788938085
Addresses7510;2;8;10;2;0;22.25;6.13089815544;46.1728016866
Addresses7511;0;10;10;0;0;22.25;6.13143456111;46.1681821023
Addresses7512;0;10;10;0;0;20.2;6.0603524232;46.1742209325
Addresses7513;0;10;10;1;1;22.25;6.2004347656;46.2404907327
Addresses7514;0;10;10;0;0;22.25;6.17548444638;46.1944163126
Addresses7515;0;10;10;1;1;22.25;6.18224453249;46.1929330076
Addresses7516;0;10;10;2;2;22.25;6.19259114885;46.1984923407
Addresses7517;3;7;10;3;0;20.5;6.19809186362;46.2009741557
Addresses7518;0;10;10;0;0;22.25;6.22554365488;46.2546483289
Addresses7519;0;10;10;1;1;22.25;6.10019808976;46.1709064448
Addresses7520;0;10;10;0;0;22.25;6.09569179881;46.1586679791
Addresses7521;0;10;10;1;1;22.25;6.19815121634;46.1982478006
Addresses7522;0;10;10;0;0;22.25;6.19486193057;46.1989497551
Addresses7523;0;10;10;1;1;22.25;6.11917071605;46.1859251092
Addresses7524;0;10;10;0;0;22.25;6.16057330622;46.1769496755
Addresses7525;0;10;10;0;0;22.25;6.09539677548;46.1963949946
Addresses7526;0;10;10;0;0;22.25;6.08507491572;46.1753980594
Addresses7527;0;10;10;0;0;22.25;6.23526213852;46.2130275437
Addresses7528;0;10;10;0;0;22.25;6.16032763396;46.2815822048
Addresses7529;0;10;10;0;0;18.5;6.21351234075;46.2034083492
Addresses7530;0;10;10;0;0;20.2;6.11562475131;46.2252741825
Addresses7531;0;10;10;0;0;22.25;6.10564970746;46.2225522772
Addresses7532;8;2;10;8;0;22.25;6.11012949637;46.2254268938
Addresses7533;0;10;10;0;0;22.25;6.16295774523;46.2678511806
Addresses7534;0;10;10;0;0;21.9;6.23373548943;46.2139092797
Addresses7535;0;10;10;0;0;20.5;6.10876124633;46.1640194482
Addresses7536;1;9;10;2;1;22.25;6.10603213428;46.2056635077
Addresses7537;0;10;10;0;0;21.15;6.10561559289;46.1509238085
Addresses7538;0;10;10;0;0;22.25;6.129923886;46.2728550517
Addresses7539;0;10;10;1;1;20.5;6.1228309565;46.2719813727
Addresses7540;0;10;10;0;0;22.25;6.22708661097;46.2769294849
Addresses7541;0;10;10;0;0;22.25;6.11492015826;46.2808008962
Addresses7542;0;10;10;0;0;22.25;6.06772617322;46.1785093454
Addresses7543;1;9;10;1;0;22.25;6.22107316971;46.2228819328
Addresses7544;0;10;10;0;0;22.25;6.00898070962;46.1548195093
Addresses7545;0;10;10;0;0;22.25;6.16298490176;46.1779539495
Addresses7546;1;9;10;1;0;22.25;6.1974586421;46.1963768342
Addresses7547;0;10;10;0;0;22.25;6.1982208491;46.1970711283
Addresses7548;0;10;10;0;0;22.25;6.13277509766;46.1709274032
Addresses7549;0;10;10;0;0;22.25;6.12035012768;46.151224461
Addresses7550;0;10;10;0;0;22.25;6.1495809223;46.243744385
Addresses7551;0;10;10;0;0;22.25;6.22947826264;46.2597295541
Addresses7552;1;9;10;2;1;22.25;6.11858329427;46.1942449136
Addresses7553;0;10;10;0;0;24.95;6.11367770595;46.214917565
Addresses7554;0;10;10;0;0;22.25;6.10673569949;46.2125955183
Addresses7555;0;10;10;1;1;22.25;6.11289690724;46.2226042176
Addresses7556;0;10;10;0;0;22.25;6.11580488629;46.2267569764
Addresses7557;0;10;10;0;0;22.25;6.11131705792;46.1651533546
Addresses7558;0;10;10;0;0;22.25;6.11980066288;46.2103268542
Addresses7559;0;10;10;0;0;20.5;6.16606665996;46.2857360419
Addresses7560;0;10;10;0;0;22.25;6.16629920792;46.2891200712
Addresses7561;0;10;10;0;0;20.2;6.03041094126;46.2155608785
Addresses7562;0;10;10;0;0;22.25;6.09647708867;46.1811167936
Addresses7563;0;10;10;1;1;22.25;6.10121866941;46.1782439794
Addresses7564;0;10;10;0;0;22.25;6.16200507207;46.176747494
Addresses7565;0;10;10;0;0;22.25;6.16471496764;46.1770055645
Addresses7566;0;10;10;2;2;22.25;6.16386585967;46.1789603978
Addresses7567;0;10;10;0;0;20.5;6.10955011575;46.2144390991
Addresses7568;1;9;10;1;0;22.25;6.10772715762;46.2160102845
Addresses7569;0;10;10;0;0;22.25;6.10009857236;46.2050782249
Addresses7570;8;2;10;8;0;20.2;6.12324102771;46.1882664695
Addresses7571;1;9;10;1;0;22.25;6.04008954475;46.1421445683
Addresses7572;0;10;10;0;0;22.25;6.13784265178;46.1452687517
Addresses7573;0;10;10;0;0;20.5;6.13332085245;46.1414496085
Addresses7574;0;10;10;0;0;22.25;6.17979016422;46.1733903763
Addresses7575;0;10;10;0;0;22.25;6.0303257443;46.2176441014
Addresses7576;7;3;10;7;0;22.25;6.13615636031;46.1931190672
Addresses7577;0;10;10;0;0;22.25;5.99651940606;46.151942474
Addresses7578;0;10;10;0;0;24.15;6.22718422097;46.2740966424
Addresses7579;0;10;10;0;0;22.25;6.23734459078;46.2464504969
Addresses7580;6;4;10;7;1;20.5;6.12770877509;46.2015534159
Addresses7581;0;10;10;0;0;22.25;6.07014979283;46.2315603969
Addresses7582;6;4;10;6;0;18.55;6.10378817399;46.2182454454
Addresses7583;0;10;10;0;0;22.25;6.11897813831;46.2087501405
Addresses7584;0;10;10;0;0;22.25;6.12227149497;46.2107043528
Addresses7585;0;10;10;0;0;24.3;6.12313955281;46.1781588003
Addresses7586;0;10;10;0;0;20.2;6.14372716674;46.1781908624
Addresses7587;0;10;10;0;0;22.25;6.13921054472;46.1736242786
Addresses7588;1;9;10;1;0;22.25;6.1665636594;46.2015962406
Addresses7589;0;10;10;0;0;22.25;6.17190817319;46.2027308237
Addresses7590;1;9;10;1;0;21.15;6.19121112516;46.1929324743
Addresses7591;1;9;10;1;0;20.5;6.04295442509;46.2009567296
Addresses7592;0;10;10;0;0;22.25;6.12185355904;46.23697406
Addresses7593;1;9;10;2;1;22.25;6.14582579815;46.2219784386
Addresses7594;3;7;10;3;0;22.25;6.14274584175;46.2154029957
Addresses7595;0;10;10;0;0;22.25;6.15886365883;46.2919686378
Addresses7596;0;10;10;0;0;24.15;6.08365876249;46.1770737986
Addresses7597;0;10;10;1;1;22.25;6.17236587965;46.1922616211
Addresses7598;0;10;10;0;0;24.95;6.07574714755;46.1832304921
Addresses7599;0;10;10;1;1;22.25;6.07617647291;46.1805956934
Addresses7600;0;10;10;0;0;20.5;6.07979453814;46.183142631
Addresses7601;0;10;10;0;0;22.25;6.08281077433;46.1789370244
Addresses7602;0;10;10;1;1;22.25;6.20980133415;46.1939951838
Addresses7603;0;10;10;0;0;22.25;6.10663504455;46.1728957239
Addresses7604;0;10;10;0;0;22.25;6.22347553749;46.2197906291
Addresses7605;0;10;10;0;0;20.5;6.07028977271;46.1798811603
Addresses7606;1;9;10;1;0;22.25;6.08993757662;46.1788180569
Addresses7607;0;10;10;0;0;22.25;6.09557981067;46.1790442748
Addresses7608;0;10;10;1;1;22.25;6.09720488094;46.1800983667
Addresses7609;0;10;10;0;0;21.15;6.09308475499;46.1816589062
Addresses7610;0;10;10;0;0;20.2;6.10014726355;46.1799073833
Addresses7611;0;10;10;0;0;20.5;6.10714612265;46.1816093061
Addresses7612;0;10;10;1;1;22.25;6.10833359005;46.1792652653
Addresses7613;0;10;10;0;0;20.5;6.10797450508;46.1807813376
