Addresses2;3;0;0;1;1;21.4;6.1267459189;46.2327987033
Addresses10;2;2;0;0;2;24.3;6.16910338016;46.195496524
Addresses16;5;0;0;2;2;20.2;6.20002484989;46.203037668
Addresses27;1;0;0;0;0;22.25;6.09433781298;46.1802352433
Addresses42;2;0;0;1;1;18.55;6.09947286791;46.1820957182
Addresses45;1;0;0;0;0;22.25;5.9682891818;46.1480633359
Addresses57;1;0;0;0;0;18.55;6.11255317858;46.1768521519
Addresses58;1;0;0;1;1;22.25;6.15708893544;46.2655358176
Addresses66;1;0;0;0;0;24.3;6.17173570283;46.1937267642
Addresses74;13;0;0;2;1;20.2;6.10886474465;46.2217931911
Addresses80;1;0;0;1;1;21.4;6.11387273044;46.2290496027
Addresses83;1;0;0;1;1;22.25;6.14388429776;46.1664200626
Addresses120;6;0;0;0;0;19.65;6.11958046203;46.20752393
Addresses124;1;0;0;0;0;20.2;6.18452156913;46.2010670433
Addresses125;1;0;0;1;1;24.15;6.15045929198;46.2168775167
Addresses135;1;0;0;1;1;21.15;6.22836370643;46.2105425798
Addresses148;1;0;0;1;1;22.25;6.14625975862;46.1754441257
Addresses149;6;1;0;1;2;21.0;6.12204079627;46.2129507902
Addresses153;1;0;0;1;1;21.15;6.2027382815;46.1976693959
Addresses172;2;0;0;0;0;22.25;6.18682246505;46.2136880473
Addresses183;3;0;0;2;2;22.25;6.14401266292;46.1610234515
Addresses184;2;0;0;1;1;18.5;6.0754892746;46.2087992603
Addresses186;1;0;0;0;0;22.25;6.22987529007;46.2591408642
Addresses191;1;0;0;1;1;21.15;6.08973819278;46.1567883356
Addresses193;2;0;0;0;0;22.25;6.04226825649;46.1903989754
Addresses196;1;0;0;1;1;21.9;6.20265653151;46.2012671869
Addresses226;1;0;0;0;0;22.25;6.13611721994;46.1663305978
Addresses229;2;0;0;2;2;22.25;6.15661762256;46.1755623623
Addresses245;1;0;0;0;0;20.2;6.10877675253;46.2253909164
Addresses253;8;0;0;0;0;18.5;6.10631717814;46.2199637642
Addresses260;2;0;0;1;1;22.25;6.2016746931;46.244440721
Addresses265;7;0;0;0;0;22.8;6.14264212999;46.2185873801
Addresses267;4;0;0;2;2;21.0;6.11936228788;46.2165182591
Addresses269;1;0;0;0;0;22.25;6.13870624306;46.1663604788
Addresses279;1;0;0;0;0;22.25;6.1293380997;46.232828799
Addresses280;7;0;0;1;1;21.0;6.12467549287;46.2111821261
Addresses284;6;0;0;1;1;21.0;6.12199724419;46.2147496572
Addresses293;3;0;0;2;2;20.5;6.16164222092;46.2925778499
Addresses301;2;0;0;1;1;18.55;6.09429337171;46.1820340966
Addresses310;2;0;0;0;0;22.25;6.08152413997;46.1746836112
Addresses312;1;0;0;0;0;21.9;6.1999429126;46.2066354581
Addresses318;1;0;0;0;0;18.5;6.10162061347;46.2001150114
Addresses326;4;0;0;0;0;24.3;6.15869937165;46.1971783127
Addresses328;2;0;0;0;0;23.0;6.13849139011;46.1753548245
Addresses332;5;0;0;0;0;29.3;6.14829472031;46.1988591429
Addresses337;1;0;0;0;0;21.15;6.19262335308;46.1867620453
Addresses351;1;0;0;0;0;22.25;6.15924938777;46.1737928957
Addresses352;2;0;0;0;0;23.15;6.14013653424;46.2149598415
Addresses353;3;0;0;0;0;21.15;6.20800077824;46.194128247
Addresses354;2;0;0;0;0;22.65;6.13754519858;46.2149299935
Addresses370;2;0;0;1;1;20.5;6.16980567845;46.2764755516
Addresses374;0;1;0;0;1;20.2;6.0903664637;46.2359688324
Addresses394;3;0;0;1;1;22.25;6.11790683722;46.1697174896
Addresses405;1;0;0;0;0;21.9;6.20014773564;46.1976409841
Addresses411;1;0;0;0;0;22.25;6.18439712659;46.2064637113
Addresses414;1;0;0;1;1;22.25;6.14735525592;46.238434438
Addresses415;3;0;0;2;2;21.4;6.12411024306;46.2345674175
Addresses417;4;0;0;2;1;22.95;6.12191013144;46.2183473915
Addresses428;3;0;0;1;1;20.2;6.08272415245;46.2304791251
Addresses462;5;0;0;1;1;22.25;6.03643898918;46.2155183834
Addresses466;2;0;0;0;0;22.25;6.18265782702;46.163382954
Addresses472;15;0;0;3;2;25.6;6.16112088587;46.2044031976
Addresses477;6;0;0;0;0;24.95;6.13801846525;46.1951423998
Addresses478;3;0;0;1;1;23.0;6.13827646661;46.1843491745
Addresses485;6;0;0;4;4;18.55;6.09165909829;46.1838020491
Addresses489;1;0;0;0;0;22.25;6.13681311309;46.2455108509
Addresses492;7;0;0;0;0;20.0;6.11518643751;46.1750837127
Addresses494;1;0;0;1;1;22.25;6.04231442307;46.1886001419
Addresses504;6;0;0;2;2;20.5;6.16470149272;46.2728193841
Addresses511;3;0;0;0;0;22.25;6.1205395775;46.1679489263
Addresses514;12;0;0;0;0;23.15;6.13499698974;46.2131012142
Addresses516;1;0;0;0;0;22.25;6.1393629015;46.2473395915
Addresses521;1;0;0;0;0;21.15;6.05849347678;46.1636077094
Addresses525;2;0;0;0;0;24.25;6.1484227239;46.193462517
Addresses539;2;0;0;1;1;21.15;6.07630033786;46.1764200116
Addresses542;2;0;0;1;0;22.25;6.14191286136;46.2491682746
Addresses552;5;0;0;0;0;24.3;6.16396468488;46.1936392167
Addresses563;5;0;0;2;2;20.2;6.08276901527;46.2286802721
Addresses570;1;0;0;0;0;20.2;6.07731485449;46.2394109918
Addresses572;1;0;0;0;0;22.25;6.08156899701;46.1728847636
Addresses578;2;0;0;0;0;24.15;6.14773974647;46.222244537
Addresses585;6;0;0;3;2;24.3;6.16124763097;46.1990065558
Addresses586;1;0;0;0;0;22.25;6.15920709551;46.1755917729
Addresses595;5;0;0;1;1;21.4;6.12402323866;46.2381651564
Addresses601;3;0;0;1;1;18.5;6.08312781168;46.2142894525
Addresses614;5;0;0;2;1;20.2;6.06985454687;46.2267250092
Addresses632;1;0;0;0;0;22.25;6.20422661059;46.2462679972
Addresses639;1;0;0;1;1;22.25;6.14375590732;46.1718166754
Addresses663;3;0;0;1;1;21.15;6.09495968446;46.1550513157
Addresses664;8;0;0;3;2;22.95;6.12713650056;46.2166088762
Addresses665;6;0;0;0;0;20.0;6.11751384399;46.185907247
Addresses673;7;0;0;1;0;21.4;6.11901306006;46.2309091924
Addresses674;1;0;0;0;0;21.15;6.19266455008;46.1849631548
Addresses685;9;0;0;1;1;18.55;6.10188585245;46.1893218666
Addresses687;8;0;0;2;2;21.4;6.124327704;46.2255730722
Addresses695;9;0;0;2;2;23.0;6.13823347345;46.186148045
Addresses708;4;0;0;2;1;21.4;6.12670250668;46.2345975736
Addresses711;1;0;0;0;0;22.25;6.14412018865;46.2653879284
Addresses717;2;0;0;0;0;18.5;6.09344843288;46.2162123377
Addresses719;4;1;0;0;1;24.25;6.1588686574;46.1899827969
Addresses740;3;0;0;1;0;21.4;6.11650847189;46.2272811278
Addresses745;13;0;0;1;0;18.5;6.11167589298;46.2128293809
Addresses759;1;0;0;0;0;20.2;6.19990193992;46.2084343533
Addresses760;1;0;0;1;1;22.25;6.11803778337;46.1643209068
Addresses765;4;0;0;0;0;29.3;6.14043714431;46.2023677276
Addresses766;6;0;0;1;0;20.0;6.11483636872;46.1894746036
Addresses773;0;1;0;0;1;24.3;6.16906139682;46.197295407
Addresses784;3;0;0;1;1;20.0;6.12247615974;46.1949621284
Addresses786;1;0;0;0;0;20.2;6.10622902052;46.2235614873
Addresses789;3;0;0;0;0;21.0;6.11953683294;46.2093227955
Addresses801;3;0;0;1;1;20.2;6.08263441796;46.2340768314
Addresses811;6;0;0;0;0;20.2;6.07758510376;46.2286178844
Addresses819;2;0;0;1;1;22.25;6.03907659065;46.2137517166
Addresses822;1;0;0;0;0;24.15;6.14769703653;46.2240434144
Addresses823;2;0;0;1;1;18.5;6.07803528242;46.2106293817
Addresses826;1;0;0;1;1;22.25;6.13162753753;46.2454509432
Addresses842;2;0;0;1;0;22.25;6.15678711692;46.1683668582
Addresses857;1;0;0;0;0;18.5;6.0988084653;46.2090785661
Addresses862;1;0;0;1;1;21.15;6.21310049172;46.1977824485
Addresses880;3;0;0;1;1;20.2;6.0697639676;46.2303227049
Addresses883;0;1;0;0;1;22.25;6.24189182175;46.3024528781
Addresses885;4;0;0;2;2;22.25;6.08906927197;46.1837710888
Addresses892;4;0;0;0;0;22.25;6.18530913602;46.1668881793
Addresses893;4;0;0;0;0;29.3;6.14048007732;46.2005688547
Addresses897;6;0;0;1;1;18.55;6.10456416863;46.1857548171
Addresses901;1;0;0;1;1;22.25;6.18423116505;46.2136592705
Addresses903;3;1;0;0;1;24.3;6.16663914544;46.1900706953
Addresses904;2;0;0;0;0;22.25;6.13659058817;46.1465430642
Addresses911;8;1;0;1;2;24.55;6.13275132008;46.1986802862
Addresses915;10;0;0;2;2;22.65;6.13495386574;46.2149000861
Addresses916;7;0;0;1;1;19.65;6.11439852401;46.2074632313
Addresses921;1;0;0;0;0;22.25;6.17754192513;46.1668015657
Addresses936;2;0;0;1;1;22.25;6.20402228105;46.2552624971
Addresses946;1;0;0;0;0;22.25;6.22728180216;46.2591130754
Addresses960;11;4;0;2;4;25.45;6.14578965622;46.1952317332
Addresses966;2;0;0;1;0;20.2;6.06730806095;46.2248947022
Addresses973;4;0;0;0;0;20.0;6.12023455468;46.1805409644
Addresses985;1;0;0;0;0;22.25;6.13167079546;46.2436520703
Addresses998;1;0;0;0;0;22.25;6.14371310488;46.1736155466
Addresses1018;6;0;0;0;0;22.65;6.13745911333;46.2185277396
Addresses1036;1;0;0;0;0;21.9;6.18986817408;46.1939289617
Addresses1041;2;0;0;1;1;20.5;6.15925908281;46.2835540677
Addresses1046;1;0;0;1;1;22.25;6.13677002375;46.2473097259
Addresses1054;1;0;0;0;0;27.65;6.15062972753;46.2096820061
Addresses1066;1;0;0;0;0;22.25;6.20430832359;46.2426701979
Addresses1075;1;0;0;0;0;22.25;6.15219959073;46.2528846701
Addresses1092;1;0;0;1;1;22.25;6.14433446231;46.2563935352
Addresses1101;4;0;0;0;0;29.3;6.15080011827;46.2024864977
Addresses1114;14;0;0;0;0;21.0;6.12217143535;46.2075541902
Addresses1115;1;0;0;0;0;20.0;6.11729541405;46.1949015625
Addresses1120;1;0;0;0;0;21.15;6.23354605756;46.2105980489
Addresses1133;10;0;0;0;0;24.25;6.15623609745;46.1917522563
Addresses1135;1;0;0;0;0;22.8;6.13469506223;46.2256933201
Addresses1141;3;0;0;0;0;21.9;6.19245853801;46.1939576093
Addresses1146;1;0;0;0;0;21.4;6.11642097639;46.2308788598
Addresses1159;17;2;0;0;0;27.65;6.14791055815;46.2150490287
Addresses1167;2;0;0;1;1;20.2;6.08022200356;46.2268502561
Addresses1172;1;0;0;0;0;20.5;6.15402730584;46.2852940738
Addresses1175;1;0;0;1;1;22.25;6.00374898242;46.177319615
Addresses1176;2;0;0;0;0;19.65;6.11185144232;46.2056339303
Addresses1177;4;0;0;2;2;22.25;6.23015536803;46.2465484993
Addresses1188;1;0;0;0;0;22.25;6.11264084378;46.1732544325
Addresses1192;6;0;0;0;0;24.3;6.16383822145;46.19903586
Addresses1208;9;0;0;0;0;23.0;6.1356004283;46.1879170229
Addresses1209;1;0;0;1;1;22.25;6.20253388639;46.2066638745
Addresses1212;1;0;0;1;1;22.25;6.14407732546;46.2671868074
Addresses1229;4;0;0;1;1;21.15;6.20541039815;46.1940999559
Addresses1244;1;0;0;0;0;21.15;6.2180394119;46.2086320262
Addresses1247;1;0;0;0;0;22.25;6.0365317467;46.2119207168
Addresses1267;3;0;0;1;1;21.9;6.20018869217;46.1958420898
Addresses1275;1;0;0;1;1;22.25;6.19961505574;46.2210266237
Addresses1289;3;0;0;2;2;20.2;6.08527141818;46.2323090848
Addresses1291;9;0;0;1;1;19.65;6.13257855543;46.2058757661
Addresses1296;4;0;0;0;0;24.3;6.15351837573;46.197119409
Addresses1300;1;0;0;0;0;20.0;6.11488013738;46.1876757417
Addresses1315;1;0;0;0;0;22.25;6.03903029598;46.215550551
Addresses1319;12;0;0;3;2;20.2;6.08004220373;46.2340456643
Addresses1341;3;0;0;0;0;25.6;6.1715681062;46.2009223004
Addresses1346;9;0;0;1;0;20.0;6.12027813795;46.1787421013
Addresses1347;4;0;0;1;1;20.2;6.08258954629;46.2358756847
Addresses1354;9;0;0;0;0;24.3;6.16128987379;46.1972076755
Addresses1366;15;0;0;1;1;24.55;6.1301174908;46.2004491375
Addresses1369;1;1;0;1;2;22.25;6.24442538728;46.3024362233
Addresses1373;5;0;0;2;2;20.5;6.16436391071;46.2872104818
Addresses1385;4;1;0;1;2;24.25;6.15874169726;46.1953794335
Addresses1391;4;0;0;1;1;22.65;6.13227610799;46.2184678614
Addresses1401;1;0;0;1;1;22.25;6.19924601063;46.2372166949
Addresses1404;3;0;0;0;0;21.0;6.12208434549;46.2111519234
Addresses1406;4;0;0;1;1;20.2;6.0724464066;46.2267564101
Addresses1432;1;0;0;0;0;18.5;6.11409186149;46.2200552791
Addresses1449;3;0;0;0;0;20.0;6.10974403012;46.1858159674
Addresses1459;1;0;0;1;1;22.25;5.97594188155;46.151770352
Addresses1467;2;0;0;0;0;22.8;6.14005062025;46.2185575896
Addresses1471;3;0;0;1;1;21.4;6.12406674229;46.2363662869
Addresses1473;3;0;0;1;0;25.6;6.17148429137;46.2045200694
Addresses1475;2;0;0;0;0;29.3;6.1534758762;46.1989182864
Addresses1476;3;1;0;0;1;25.6;6.16630258309;46.2044617524
Addresses1478;3;0;0;1;1;20.2;6.17670774828;46.2027792622
Addresses1494;4;0;0;3;3;20.5;6.16427948742;46.2908082569
Addresses1496;2;0;0;1;1;20.0;6.11479259719;46.1912734657
Addresses1501;3;0;0;0;0;20.0;6.10706605029;46.1893831397
Addresses1503;11;0;0;1;1;23.0;6.14337058423;46.1880065229
Addresses1528;2;0;0;0;0;24.55;6.13262175085;46.2040768959
Addresses1535;1;0;0;1;1;21.15;6.23095488069;46.2105703441
Addresses1544;2;0;0;0;0;22.95;6.12946806226;46.2274321859
Addresses1562;5;3;0;1;4;24.3;6.1613743511;46.1936099153
Addresses1569;0;1;0;0;1;29.3;6.14833739097;46.1970602675
Addresses1573;10;0;0;2;2;20.0;6.11777586528;46.1751140739
Addresses1585;1;0;0;0;0;21.15;6.08201740548;46.1548962982
Addresses1587;1;0;0;0;0;18.55;6.107242134;46.1821877049
Addresses1601;4;0;0;3;3;21.15;6.23091493001;46.2123692506
Addresses1605;5;0;0;1;1;24.95;6.13551425676;46.1915147627
Addresses1607;2;0;0;1;1;21.15;6.07366575181;46.1781875437
Addresses1608;5;0;0;0;0;29.3;6.14820937057;46.2024568943
Addresses1614;4;0;0;0;0;27.65;6.1428136042;46.2113918806
Addresses1628;1;0;0;0;0;22.25;6.07911450532;46.1674570333
Addresses1631;1;0;0;0;0;22.25;6.20447171735;46.2354746007
Addresses1633;1;0;0;0;0;24.3;6.17165191002;46.197324532
Addresses1636;1;0;0;0;0;20.2;6.08008715812;46.2322468121
Addresses1637;5;1;0;2;3;20.5;6.16432170046;46.2890093693
Addresses1642;5;0;0;0;0;18.55;6.10711007556;46.1875842807
Addresses1657;1;0;0;1;1;21.15;6.22068674786;46.1996669092
Addresses1662;12;3;0;0;3;25.6;6.16116313701;46.2026043168
Addresses1672;1;0;0;0;0;21.15;6.06594248913;46.1762944042
Addresses1674;2;0;0;0;0;24.55;6.1377603622;46.2059356306
Addresses1682;3;0;0;0;0;25.6;6.15848770191;46.2061727109
Addresses1684;3;0;0;1;1;18.5;6.08562957659;46.2179182551
Addresses1687;5;0;0;0;0;21.15;6.07884485903;46.1782501118
Addresses1688;10;0;0;0;0;24.25;6.15615128347;46.1953500123
Addresses1689;1;0;0;0;0;22.25;6.00695365947;46.1539679193
Addresses1693;1;0;0;0;0;22.25;6.11843046719;46.1481311687
Addresses1709;1;0;0;1;1;20.2;6.0850474735;46.2413033572
Addresses1710;1;0;0;0;0;21.4;6.12644197335;46.2453907976
Addresses1717;3;0;0;0;0;18.5;6.10416709319;46.2019445427
Addresses1718;1;0;0;0;0;22.25;6.14926498732;46.2672461435
Addresses1749;1;0;0;0;0;18.5;6.07808028402;46.2088305321
Addresses1755;2;0;0;0;0;22.95;6.12454509347;46.2165787299
Addresses1765;5;0;0;1;1;23.0;6.14354186705;46.1808110334
Addresses1768;9;0;0;1;1;21.9;6.19763927398;46.1940147263
Addresses1769;1;0;0;1;1;22.25;6.23701922569;46.2880064819
Addresses1771;8;0;0;0;0;18.5;6.09639501278;46.2018523446
Addresses1780;8;0;0;2;2;18.55;6.10447594992;46.1893525329
Addresses1781;1;0;0;0;0;22.25;6.1846299247;46.1638802315
Addresses1783;2;0;0;1;0;20.5;6.16712717648;46.2800441608
Addresses1794;5;0;0;1;1;21.9;6.20027059717;46.1922443016
Addresses1797;3;0;0;1;1;22.25;6.00115951536;46.1772866378
Addresses1805;2;0;0;0;0;23.0;6.13836244448;46.180751434
Addresses1808;2;0;0;0;0;24.25;6.15105562046;46.1916932395
Addresses1816;7;0;0;1;1;18.5;6.08053653954;46.2142582966
Addresses1818;6;0;0;0;0;20.2;6.06726269013;46.2266935488
Addresses1822;12;0;0;1;0;24.55;6.13793244221;46.1987401428
Addresses1826;1;0;0;0;0;22.25;6.19661247932;46.2389870996
Addresses1830;3;0;0;1;1;20.2;6.19743404998;46.2030091941
Addresses1831;3;0;0;1;1;21.15;6.23350619251;46.2123969564
Addresses1833;6;0;0;4;3;20.2;6.18707087738;46.2028947037
Addresses1843;1;0;0;0;0;18.55;6.10991974865;46.1786205299
Addresses1844;5;0;0;1;0;23.0;6.14090925235;46.1825801346
Addresses1850;0;1;0;0;1;20.5;6.16725349977;46.2746474966
Addresses1851;5;0;0;1;0;18.55;6.09170362799;46.1820031967
Addresses1852;10;1;0;0;1;24.3;6.14803863745;46.2096523989
Addresses1865;1;0;0;0;0;18.55;6.11237781364;46.1840475927
Addresses1867;1;0;0;0;0;24.95;6.12243263627;46.1967609939
Addresses1872;3;0;0;1;1;21.15;6.07116660951;46.1745584831
Addresses1877;7;2;0;0;2;24.25;6.1563209003;46.188154501
Addresses1886;2;0;0;2;2;22.25;6.12838425699;46.2724039903
Addresses1893;10;1;0;2;3;21.4;6.11905672358;46.2291103253
Addresses1897;3;0;0;1;1;22.8;6.13214644506;46.2238644756
Addresses1900;6;0;0;0;0;20.0;6.10697799109;46.192980858
Addresses1901;14;1;0;1;2;18.5;6.10890873637;46.2199943286
Addresses1915;8;0;0;0;0;23.15;6.14026538406;46.2095632204
Addresses1921;6;0;0;0;0;20.0;6.12291123735;46.1769734817
Addresses1930;4;0;0;0;0;23.0;6.13301038197;46.1878870707
Addresses1932;8;0;0;1;0;24.95;6.11466126535;46.1966700529
Addresses1975;1;0;0;1;1;22.25;6.14697053775;46.2546243478
Addresses1996;3;0;0;0;0;22.8;6.14009357866;46.2167587155
Addresses2006;16;0;0;1;0;20.0;6.12299821859;46.1733757544
Addresses2007;8;0;0;0;0;21.0;6.11435472371;46.2092620949
Addresses2009;4;0;0;0;0;20.2;6.18443861016;46.2046648218
Addresses2014;8;0;0;2;2;18.5;6.11171978464;46.211030518
Addresses2029;12;0;0;0;0;23.15;6.13244895213;46.2112723776
Addresses2031;1;0;0;1;1;21.15;6.2131410204;46.1959835495
Addresses2047;15;0;0;1;0;27.65;6.14799594715;46.2114512754
Addresses2055;1;0;0;0;0;21.15;6.20785429264;46.1928594614
Addresses2071;8;0;0;5;4;22.25;6.11272849748;46.1696567138
Addresses2077;5;0;0;1;1;20.2;6.07735990344;46.2376121403
Addresses2095;10;0;0;3;3;20.2;6.08017705804;46.228649108
Addresses2107;1;0;0;0;0;22.25;6.1179504888;46.1679186285
Addresses2112;14;2;0;0;2;27.65;6.15054451536;46.2132797612
Addresses2113;4;0;0;1;1;18.5;6.10653752149;46.2109694587
Addresses2133;4;0;0;0;0;24.55;6.13521256723;46.2041068569
Addresses2140;1;0;0;1;1;24.3;6.1717775951;46.1919278805
Addresses2148;9;0;0;2;2;19.65;6.11444232142;46.2056643679
Addresses2158;1;0;0;0;0;20.5;6.1593014564;46.2817551823
Addresses2159;1;0;0;0;0;21.4;6.10873275213;46.2271897793
Addresses2165;1;0;0;0;0;22.25;6.17666601067;46.2045781487
Addresses2174;0;1;0;0;1;22.95;6.12441466836;46.2219753349
Addresses2176;11;0;0;0;0;24.3;6.1586147121;46.2007760716
Addresses2192;2;0;0;1;1;21.4;6.12415374096;46.2327685482
Addresses2201;1;0;0;1;1;21.9;6.19751614767;46.1994114065
Addresses2210;2;0;0;0;0;18.55;6.10201843275;46.1839252963
Addresses2220;5;0;0;0;0;21.9;6.19237611423;46.1975553922
Addresses2223;1;0;0;0;0;22.25;6.20686024645;46.2444974145
Addresses2255;2;0;0;0;0;20.0;6.11725171945;46.196700426
Addresses2256;11;0;0;0;0;24.95;6.13555734395;46.1897158927
Addresses2260;2;0;0;0;0;24.55;6.13525567423;46.2023079859
Addresses2268;1;0;0;1;1;22.25;5.97081390685;46.1499042623
Addresses2269;1;0;0;1;1;21.4;6.12156156588;46.2327383336
Addresses2274;6;0;0;0;0;23.15;6.13758823696;46.2131311207
Addresses2288;1;0;0;1;1;21.15;6.22075134558;46.20326332
Addresses2289;10;0;0;0;0;24.3;6.16655502144;46.1936684586
Addresses2295;8;0;0;0;0;21.9;6.20022964602;46.1940431956
Addresses2302;6;0;0;0;0;25.6;6.16379606144;46.2008347414
Addresses2339;3;0;0;1;1;22.25;6.11527392599;46.1714859916
Addresses2344;5;0;0;1;1;20.2;6.07490290988;46.2321843014
Addresses2361;1;0;0;0;0;22.25;5.99555129191;46.1934098306
Addresses2364;3;0;0;1;1;20.0;6.12817692315;46.1734360589
Addresses2368;3;0;0;1;1;21.15;6.06598786206;46.1744955627
Addresses2373;3;0;0;1;1;22.25;6.14178408224;46.2545649063
Addresses2379;3;0;0;3;3;21.15;6.07402662426;46.1637967901
Addresses2382;1;0;0;0;0;18.5;6.1089527252;46.2181954662
Addresses2390;8;0;0;2;2;21.0;6.11426711449;46.2128598224
Addresses2401;7;0;0;2;1;25.6;6.16634466306;46.2026628697
Addresses2405;14;0;0;0;0;24.95;6.138104477;46.1915446574
Addresses2410;5;0;0;0;0;21.0;6.11431092054;46.2110609586
Addresses2412;1;0;0;0;0;18.5;6.09898570334;46.2018831367
Addresses2423;6;0;0;0;0;20.0;6.12506653688;46.1949923222
Addresses2449;14;0;0;3;1;18.5;6.09380432514;46.201821493
Addresses2459;4;0;0;0;0;23.0;6.13568658852;46.1843192837
Addresses2461;13;0;0;1;1;25.45;6.14319925642;46.1952020148
Addresses2468;6;0;0;5;5;20.2;6.07995228607;46.237643369
Addresses2482;1;0;0;0;0;23.0;6.13590193957;46.1753249386
Addresses2497;2;0;0;0;0;20.0;6.11470504551;46.1948711904
Addresses2524;1;0;0;1;1;22.25;6.16969085759;46.1703121785
Addresses2525;4;0;0;2;1;20.0;6.12251968036;46.193163263
Addresses2527;1;0;0;0;0;21.9;6.20010677641;46.1994398786
Addresses2530;3;0;0;1;1;22.25;6.03389415133;46.213687324
Addresses2536;3;0;0;1;1;22.25;6.12304170493;46.171576891
Addresses2550;2;0;0;1;1;23.0;6.14876394351;46.1790715213
Addresses2552;1;0;0;1;1;21.9;6.19488438855;46.2011817677
Addresses2557;1;0;0;1;1;24.3;6.17428423818;46.1955547126
Addresses2559;7;0;0;2;2;18.5;6.09085706337;46.2161814186
Addresses2561;1;0;0;0;0;23.0;6.13866327811;46.1681593476
Addresses2563;1;0;0;0;0;22.25;6.18714553505;46.1656469219
Addresses2586;14;0;0;2;1;25.45;6.14587515465;46.191633985
Addresses2596;2;0;0;0;0;18.5;6.09903000558;46.2000842797
Addresses2606;1;0;0;0;0;22.25;6.20426746843;46.2444690975
Addresses2617;3;0;0;0;0;23.0;6.14095215435;46.1807812634
Addresses2638;5;0;0;0;0;21.0;6.12221497599;46.2057553238
Addresses2647;1;0;0;0;0;21.9;6.194966652;46.1975839823
Addresses2649;4;0;0;2;2;21.9;6.19509002692;46.1921873053
Addresses2675;2;0;0;0;0;21.15;6.08143441706;46.1782813067
Addresses2686;2;0;0;1;1;20.5;6.16465930469;46.2746182711
Addresses2689;7;0;0;1;0;24.15;6.1477824536;46.2204456598
Addresses2690;6;0;0;0;0;21.0;6.12212789185;46.2093530567
Addresses2694;4;0;0;2;2;22.25;6.18021417922;46.1632327285
Addresses2705;1;0;0;0;0;20.0;6.11492390316;46.1858768799
Addresses2708;13;0;0;1;0;23.15;6.1350401109;46.2113023425
Addresses2709;6;0;0;3;3;22.95;6.12177944083;46.2237439938
Addresses2712;4;0;0;0;0;22.95;6.13218966888;46.2220656041
Addresses2732;2;0;0;1;1;21.15;6.20261565249;46.2030660826
Addresses2740;5;0;0;0;0;20.0;6.11997299495;46.1913341465
Addresses2742;1;0;0;0;0;24.25;6.14846538615;46.1916636419
Addresses2743;2;0;0;1;1;20.2;6.08522663514;46.2341079391
Addresses2749;1;0;0;0;0;22.25;6.14930767894;46.2654472626
Addresses2753;5;0;0;1;1;22.25;6.11285995645;46.164260137
Addresses2757;2;0;0;0;0;23.15;6.14268500277;46.216788505
Addresses2764;11;0;0;2;1;22.95;6.1245885628;46.2147798619
Addresses2773;2;0;0;0;0;22.95;6.11923134896;46.2219148581
Addresses2779;1;0;0;0;0;22.25;6.14880658336;46.1772726476
Addresses2788;2;0;0;0;0;18.5;6.10912865162;46.2110000181
Addresses2810;6;0;0;1;1;18.5;6.09889709014;46.2054808511
Addresses2818;7;0;0;1;1;22.25;6.14108084346;46.175384651
Addresses2829;1;0;0;0;0;21.15;6.06371661824;46.1618721346
Addresses2832;1;0;0;0;0;18.55;6.10733015852;46.1785899885
Addresses2833;2;1;0;2;3;22.25;5.97345046034;46.1481391353
Addresses2844;9;0;0;4;4;22.95;6.12437118761;46.2237742035
Addresses2855;1;0;0;0;0;29.3;6.15339086878;46.2025160417
Addresses2862;9;0;0;0;0;24.15;6.14786785944;46.2168479056
Addresses2879;1;0;0;0;0;20.5;6.16721139478;46.2764463846
Addresses2888;4;0;0;0;0;24.55;6.13270813318;46.2004791559
Addresses2891;14;0;0;1;1;21.0;6.12981450381;46.213041223
Addresses2893;1;0;0;0;0;22.25;6.20175657215;46.2408429239
Addresses2894;8;0;0;0;0;22.95;6.13478134141;46.2220955749
Addresses2897;3;0;0;0;0;24.3;6.14035126983;46.2059654737
Addresses2913;2;0;0;1;1;22.25;6.18267855112;46.1686582526
Addresses2916;2;0;0;1;1;24.25;6.14600338123;46.1862373638
Addresses2917;12;0;0;0;0;23.15;6.13253535717;46.2076746365
Addresses2925;5;0;0;0;0;20.0;6.11229011389;46.1876453141
Addresses2938;19;0;0;1;1;25.45;6.14324209259;46.1934031416
Addresses2951;1;0;0;1;1;22.25;6.14688501388;46.2582221066
Addresses2952;3;0;0;0;0;20.0;6.13339878347;46.1716972584
Addresses2962;1;0;0;0;0;20.0;6.11514268897;46.1768825735
Addresses2981;1;0;0;0;0;22.25;6.09241570577;46.1532215814
Addresses2990;1;0;0;0;0;22.25;6.12597807459;46.1572161631
Addresses2996;1;0;0;0;0;27.65;6.15317830133;46.2115104324
Addresses2999;1;0;0;1;1;22.25;6.07289826815;46.2087679291
Addresses3001;1;0;0;1;1;22.25;6.04346760324;46.1436293603
Addresses3008;1;0;0;0;0;22.25;6.22298030178;46.2194813932
Addresses3011;2;0;0;1;1;22.25;6.14744071793;46.2348366814
Addresses3021;7;0;0;1;1;20.2;6.18448009101;46.2028659325
Addresses3023;2;0;0;0;0;21.15;6.06630538922;46.1619036767
Addresses3027;7;0;0;1;1;25.45;6.14591789965;46.1898351111
Addresses3030;4;0;0;0;0;24.3;6.14549032326;46.2078238568
Addresses3039;1;0;0;0;0;22.25;6.16442817101;46.1738515367
Addresses3068;2;0;0;1;1;20.5;6.15917432726;46.2871518387
Addresses3086;6;0;0;2;2;21.9;6.19759823458;46.1958136195
Addresses3090;4;0;0;1;1;24.55;6.12748349036;46.2022179275
Addresses3133;1;0;0;0;0;22.25;6.15165140085;46.1665089928
Addresses3134;3;0;0;1;1;20.5;6.1644905248;46.2818138197
Addresses3144;3;0;0;2;2;20.5;6.1616845226;46.2907789632
Addresses3149;4;0;0;0;0;19.65;6.11180755931;46.2074327928
Addresses3151;9;0;0;0;0;24.25;6.15373083149;46.1881250242
Addresses3174;1;0;0;0;0;22.25;6.1815566994;46.2172282127
Addresses3178;2;0;0;0;0;18.55;6.10206262038;46.1821264398
Addresses3187;1;0;0;0;0;18.5;6.10671374406;46.2037740167
Addresses3194;1;0;0;1;1;20.5;6.16189598921;46.2817845307
Addresses3210;1;0;0;1;1;21.15;6.05585893242;46.1653748244
Addresses3217;2;0;0;0;0;22.25;6.18414816792;46.2172570509
Addresses3221;9;0;0;1;0;24.55;6.13529877839;46.200509115
Addresses3229;3;0;0;0;0;20.5;6.15913194531;46.2889507243
Addresses3231;3;0;0;0;0;19.65;6.11694577689;46.2092924749
Addresses3233;1;0;0;0;0;22.25;6.13348506375;46.1680995242
Addresses3237;1;0;0;0;0;20.2;6.07235599864;46.2303541078
Addresses3238;1;0;0;0;0;23.0;6.14613158255;46.180840744
Addresses3241;1;0;0;0;0;22.25;6.20941234076;46.2463245735
Addresses3245;3;0;0;0;0;23.0;6.13840542917;46.178952564
Addresses3259;3;0;0;0;0;20.2;6.08531619829;46.2305102307
Addresses3273;1;0;0;1;1;22.25;6.15453769774;46.2637074761
Addresses3279;1;0;0;0;0;22.95;6.11668342838;46.2200856651
Addresses3294;2;0;0;1;1;22.25;6.20220671451;46.2210550476
Addresses3295;2;0;0;1;0;21.15;6.07879990765;46.1800489588
Addresses3296;1;0;0;0;0;21.4;6.12661567365;46.2381953145
Addresses3301;2;0;0;1;1;22.25;6.1054457189;46.1497776975
Addresses3305;2;0;0;1;1;22.25;6.22428626576;46.2770743092
Addresses3313;1;0;0;1;1;22.25;5.99410734905;46.150205187
Addresses3314;6;0;0;0;0;24.3;6.1428993244;46.2077941316
Addresses3316;1;0;0;0;0;20.2;6.17679121528;46.1991814897
Addresses3332;9;0;0;5;5;24.3;6.1716938078;46.195525648
Addresses3336;1;0;0;0;0;21.15;6.20253787196;46.1890653619
Addresses3340;1;0;0;0;0;22.25;6.08670292289;46.1747458187
Addresses3347;0;1;0;0;1;20.2;6.09295877537;46.2359997627
Addresses3349;1;0;0;0;0;22.25;6.1473125207;46.2402333164
Addresses3353;13;0;0;1;1;18.55;6.10438771963;46.1929502492
Addresses3354;1;0;0;0;0;22.25;6.20439002584;46.2390723991
Addresses3367;2;0;0;1;1;20.2;6.20257477079;46.2048649784
Addresses3386;5;0;0;0;0;24.25;6.1561088723;46.1971488906
Addresses3387;4;0;0;0;0;20.5;6.16419505301;46.2944060323
Addresses3389;1;0;0;1;1;21.15;6.20528804197;46.1994966445
Addresses3390;3;0;0;1;1;22.25;6.11009542103;46.171425095
Addresses3403;3;0;0;0;0;20.0;6.12019096855;46.1823398277
Addresses3405;1;0;0;1;1;22.25;6.14679947876;46.2618198658
Addresses3408;2;0;0;0;0;24.3;6.16914536075;46.1936976411
Addresses3412;1;0;0;0;0;22.95;6.12445814626;46.2201764665
Addresses3421;8;0;0;0;0;24.15;6.14531921403;46.2150193591
Addresses3426;2;0;0;1;1;22.25;6.04490445237;46.1886321749
Addresses3428;6;0;0;0;0;24.55;6.13784640785;46.2023378864
Addresses3451;8;0;0;3;3;21.15;6.20286088634;46.1922727105
Addresses3461;6;0;0;1;1;22.95;6.13223288985;46.2202667327
Addresses3462;1;0;0;0;0;22.8;6.1321032184;46.2256633473
Addresses3463;1;0;0;0;0;24.25;6.15114076548;46.188095488
Addresses3468;8;0;0;2;2;20.5;6.16185370145;46.2835834171
Addresses3478;1;0;0;0;0;23.0;6.13857733975;46.1717570857
Addresses3481;1;0;0;1;1;22.25;6.1521570045;46.2546835513
Addresses3492;3;0;0;0;0;23.0;6.13581580763;46.1789226762
Addresses3514;9;0;0;1;1;20.2;6.10627310078;46.2217626257
Addresses3524;1;0;0;1;1;22.25;5.99550357639;46.1952086453
Addresses3539;1;0;0;0;0;22.25;6.16179657124;46.1756211241
Addresses3541;1;0;0;1;1;22.25;6.20645240451;46.2624864251
Addresses3556;1;0;0;1;1;22.25;6.13883512099;46.1609638736
Addresses3568;6;0;0;1;1;22.8;6.14259925439;46.2203862553
Addresses3572;3;0;0;0;0;20.0;6.12269373426;46.1859678031
Addresses3573;1;0;0;1;1;22.25;6.13931989505;46.2491384675
Addresses3582;7;0;0;1;1;22.25;6.13344192503;46.1698983912
Addresses3584;1;0;0;0;0;22.95;6.12186657076;46.2201462588
Addresses3594;1;0;0;1;1;22.25;6.03537944968;46.1561247691
Addresses3598;2;0;0;1;1;22.25;6.19735194151;46.2066069822
Addresses3600;2;0;0;0;0;22.25;6.18176459987;46.2082337674
Addresses3604;4;0;0;2;2;21.15;6.0685772343;46.1745270526
Addresses3605;1;0;0;1;1;20.5;6.15670692638;46.2817257743
Addresses3609;1;0;0;0;0;22.25;6.2254514857;46.2249059976
Addresses3632;5;0;0;0;0;22.95;6.12450162129;46.2183775981
Addresses3635;2;0;0;0;0;22.25;6.23530131949;46.2484027966
Addresses3637;1;0;0;0;0;21.15;6.08607700986;46.1999297296
Addresses3648;10;0;0;1;0;23.15;6.13508322923;46.2095034709
Addresses3657;12;0;0;2;2;18.5;6.0989413982;46.2036819938
Addresses3660;1;0;0;0;0;22.25;6.00134954953;46.1700913775
Addresses3661;2;0;0;0;0;22.25;6.1617543617;46.1774200025
Addresses3662;3;0;0;1;1;21.4;6.1242407282;46.22917081
Addresses3664;1;0;0;1;1;22.25;6.20171563397;46.2426418224
Addresses3665;1;0;0;0;0;21.4;6.11400421772;46.2236530081
Addresses3676;10;0;0;0;0;21.0;6.12998765629;46.2058457447
Addresses3679;1;0;0;0;0;20.2;6.17934017574;46.2010093245
Addresses3688;5;0;0;2;2;21.4;6.12428421753;46.227371941
Addresses3696;2;0;0;0;0;22.25;6.23019536864;46.2447495904
Addresses3704;1;0;0;0;0;19.65;6.12230204868;46.2021575914
Addresses3705;5;0;0;0;0;21.0;6.12717988426;46.2148100071
Addresses3725;2;0;0;0;0;18.5;6.11672716031;46.2182867997
Addresses3728;1;0;0;0;0;18.5;6.09635062206;46.2036512007
Addresses3747;4;0;0;0;0;29.3;6.14825204684;46.2006580186
Addresses3756;2;0;0;1;0;18.5;6.09595097426;46.219840912
Addresses3763;3;0;0;1;0;21.15;6.07407171999;46.1619979467
Addresses3765;3;0;0;2;2;22.25;6.12317214683;46.1661803018
Addresses3771;3;0;0;1;1;21.15;6.06085466745;46.1726335653
Addresses3775;1;0;0;0;0;22.25;6.1102710473;46.164229663
Addresses3791;6;0;0;2;2;21.15;6.1976803107;46.1922158332
Addresses3800;1;0;0;0;0;20.0;6.11242165919;46.1822487323
Addresses3814;1;0;0;0;0;22.25;6.11540513716;46.1660894113
Addresses3820;7;0;0;1;1;20.2;6.18978557917;46.1975267427
Addresses3822;12;0;0;2;2;20.0;6.12554416574;46.1752048009
Addresses3827;1;0;0;0;0;19.65;6.11189532244;46.2038350681
Addresses3844;1;0;0;0;0;22.25;6.00977807315;46.1450066844
Addresses3850;2;0;0;1;1;22.25;6.20661557349;46.2552908197
Addresses3855;8;0;0;1;1;24.95;6.14069470007;46.1915744927
Addresses3871;2;0;0;0;0;18.5;6.11163199843;46.2146282439
Addresses3875;1;0;0;0;0;22.25;6.03639260585;46.2173172169
Addresses3880;6;0;0;4;4;20.5;6.16181141092;46.2853823035
Addresses3884;7;0;0;1;1;24.25;6.16145881731;46.1900121558
Addresses3897;14;0;0;3;1;18.55;6.10443183623;46.1911513909
Addresses3904;10;0;0;3;3;18.55;6.10184165321;46.1911207237
Addresses3905;3;0;0;2;2;22.25;6.19920499213;46.2390155923
Addresses3913;2;0;0;0;0;29.3;6.15084270897;46.200687621
Addresses3923;1;0;0;1;1;24.95;6.12502309896;46.1967911887
Addresses3989;1;0;0;0;0;22.25;6.13874920519;46.1645616102
Addresses3990;1;0;0;1;1;21.15;6.05826538965;46.1726018981
Addresses3997;20;0;0;3;3;25.45;6.1433277565;46.1898053956
Addresses4011;10;0;0;0;0;22.25;6.17411697285;46.2027502533
Addresses4014;6;0;0;0;0;24.25;6.15097046425;46.1952909916
Addresses4018;1;0;0;0;0;23.15;6.14277073987;46.2131907552
Addresses4020;1;0;0;0;0;22.25;6.15929167726;46.1719940186
Addresses4029;1;0;0;0;0;21.15;6.08915849947;46.1801733861
Addresses4040;1;0;0;0;0;22.25;6.20665635902;46.2534919186
Addresses4048;2;0;0;1;1;24.55;6.12752685126;46.2004190596
Addresses4049;1;0;0;0;0;20.0;6.12550075919;46.1770036657
Addresses4074;1;0;0;0;0;20.5;6.16453272394;46.2800149324
Addresses4091;8;0;0;1;1;21.0;6.12722326511;46.2130111382
Addresses4094;1;0;0;0;0;24.25;6.15092788195;46.1970898679
Addresses4102;1;0;0;1;1;22.25;6.14655873798;46.1628520226
Addresses4103;3;0;0;0;0;20.2;6.10618493737;46.225360349
Addresses4112;3;0;0;0;0;20.0;6.11760119589;46.182309522
Addresses4116;4;0;0;0;0;20.0;6.10956826544;46.1930114074
Addresses4124;10;0;0;1;1;21.4;6.11910038423;46.2273114583
Addresses4131;1;0;0;1;1;22.25;6.22963512055;46.2699343235
Addresses4132;7;0;0;0;0;18.5;6.09630622842;46.2054500569
Addresses4145;1;0;0;0;0;19.65;6.11698949158;46.2074936104
Addresses4147;2;0;0;1;1;20.2;6.07485778414;46.2339831515
Addresses4149;6;0;0;1;1;18.5;6.109172626;46.2092011564
Addresses4151;3;0;0;0;0;18.5;6.11417949375;46.2164575505
Addresses4162;9;0;0;0;0;21.0;6.12476241153;46.2075843909
Addresses4167;3;0;0;1;1;22.25;6.18272006299;46.1668593675
Addresses4168;1;0;0;1;1;21.15;6.06344394824;46.172665173
Addresses4169;7;0;0;2;2;21.9;6.19504890465;46.1939861975
Addresses4182;6;0;0;0;0;18.55;6.10193004879;46.1875230097
Addresses4189;1;0;0;1;1;22.25;6.12045244242;46.1715466506
Addresses4194;1;0;0;0;0;22.25;6.14362749159;46.1772132897
Addresses4196;2;0;0;1;1;20.2;6.19998388259;46.204836563
Addresses4219;1;0;0;1;1;21.15;6.22840374009;46.2087436743
Addresses4223;10;1;0;1;2;18.55;6.09929575788;46.1892911409
Addresses4227;3;0;0;0;0;22.25;6.18937244181;46.2155156568
Addresses4240;1;0;0;0;0;22.25;6.13408870875;46.1429154057
Addresses4245;1;0;0;0;0;24.25;6.15644808368;46.1827578691
Addresses4261;7;0;0;0;0;25.6;6.15593919975;46.204344405
Addresses4262;8;0;0;0;0;24.3;6.14022243694;46.211362094
Addresses4263;2;0;0;1;1;21.15;6.23099482873;46.2087714377
Addresses4264;16;0;0;1;1;21.0;6.12731001826;46.2094134007
Addresses4268;1;0;0;1;1;22.25;6.04087971347;46.1435972941
Addresses4272;1;0;0;1;1;20.2;6.18472891886;46.1920725997
Addresses4293;1;0;0;0;0;22.25;6.19665358351;46.2371882032
Addresses4297;6;0;0;0;0;21.9;6.19241732747;46.1957565007
Addresses4300;1;0;0;1;1;21.15;6.08460585541;46.1549274204
Addresses4312;5;0;0;1;0;20.0;6.12006019298;46.1877364185
Addresses4313;4;0;0;2;2;21.15;6.09121364042;46.2017905819
Addresses4330;3;0;0;0;0;24.25;6.15636329754;46.1863556235
Addresses4333;0;1;0;0;1;18.5;6.07544418741;46.2105981089
Addresses4350;7;0;0;1;1;25.45;6.14596064184;46.1880362373
Addresses4364;1;0;0;0;0;22.25;6.24464563747;46.2952846649
Addresses4366;5;0;0;2;2;24.3;6.16638674026;46.2008639872
Addresses4377;4;0;0;1;1;22.95;6.12951137742;46.2256333151
Addresses4378;10;0;0;2;1;23.0;6.14604611781;46.1844384903
Addresses4380;2;0;0;0;0;21.15;6.06853194686;46.1763258952
Addresses4394;2;0;0;1;1;21.15;6.19776237603;46.1886180474
Addresses4396;7;0;0;0;0;21.4;6.12169229945;46.2273417294
Addresses4399;1;0;0;1;1;22.25;6.21163968355;46.2625428991
Addresses4401;2;0;0;0;0;22.95;6.12696293724;46.2238043537
Addresses4414;3;0;0;0;0;22.25;6.11277232001;46.1678578547
Addresses4423;5;0;0;1;0;22.95;6.1297279105;46.2166389629
Addresses4430;3;0;0;0;0;20.0;6.12260671303;46.1895655327
Addresses4434;4;0;0;2;2;20.2;6.16918733858;46.1918987584
Addresses4446;2;0;0;0;0;22.65;6.13482447674;46.2202967025
Addresses4458;7;0;0;2;2;20.2;6.07990732281;46.2394422215
Addresses4460;16;0;0;1;1;23.0;6.13814747864;46.1897457865
Addresses4462;2;0;0;0;0;22.25;6.23011536479;46.2483474083
Addresses4485;2;0;0;1;1;22.25;6.22456772933;46.2644819508
Addresses4496;2;0;0;2;2;21.15;6.19525202066;46.1850034299
Addresses4501;8;0;0;1;1;25.6;6.1560240416;46.2007466475
Addresses4505;1;0;0;0;0;22.25;6.14638790945;46.170047509
Addresses4509;2;0;0;0;0;23.0;6.1359880602;46.1717272018
Addresses4518;3;0;0;0;0;24.15;6.15050190507;46.2150786389
Addresses4521;5;0;0;0;0;22.65;6.13491073891;46.2166989581
Addresses4525;1;0;0;0;0;24.95;6.13292403935;46.1914848086
Addresses4529;1;0;0;0;0;21.4;6.11391656242;46.2272507377
Addresses4535;4;0;0;2;2;18.5;6.10658158148;46.209170598
Addresses4545;1;0;0;0;0;22.25;6.23534115127;46.2466038858
Addresses4554;1;0;0;0;0;20.2;6.1873191918;46.1921013653
Addresses4585;2;0;0;0;0;29.3;6.15343337389;46.2007171639
Addresses4586;1;0;0;0;0;22.25;6.1466014381;46.1610531514
Addresses4588;5;0;0;1;1;22.65;6.14000765902;46.2203564638
Addresses4598;4;0;0;2;2;21.4;6.12164872446;46.2291405974
Addresses4607;1;0;0;1;1;22.25;6.18000619244;46.1722271494
Addresses4612;2;0;0;0;0;20.2;6.07494803265;46.2303854513
Addresses4616;4;0;0;2;2;22.25;5.97340205445;46.1499379359
Addresses4618;1;0;0;0;0;21.9;6.2000658145;46.2012387732
Addresses4633;1;0;0;0;0;22.25;6.161880982;46.1720233679
Addresses4639;7;0;0;0;0;21.0;6.12471895363;46.2093832584
Addresses4642;4;0;0;2;1;22.25;6.14174115022;46.2563637837
Addresses4655;10;0;0;1;0;23.0;6.13831945696;46.1825503042
Addresses4668;1;0;0;0;0;22.25;6.18259551919;46.1722560234
Addresses4676;2;0;0;1;1;22.25;6.11536140297;46.1678882713
Addresses4710;4;0;0;0;0;22.25;6.18180617177;46.2064348787
Addresses4713;6;0;0;1;0;24.25;6.16404897999;46.1900414552
Addresses4727;1;0;0;1;1;21.4;6.12925144375;46.2364265416
Addresses4733;4;0;0;0;0;18.55;6.09424892753;46.18383295
Addresses4738;1;0;0;1;1;21.15;6.21567493303;46.1978206413
Addresses4743;5;0;0;0;0;21.15;6.20533336402;46.192418224
Addresses4747;1;0;0;1;1;21.9;6.19755719247;46.1976125129
Addresses4751;13;0;0;2;2;25.45;6.14315641743;46.1970008882
Addresses4761;2;0;0;0;0;22.25;6.16171214939;46.179218881
Addresses4766;1;0;0;0;0;21.4;6.11914404201;46.2255125915
Addresses4768;4;0;0;0;0;20.0;6.11747016374;46.1877061098
Addresses4777;2;0;0;1;0;24.3;6.17424242597;46.1973535976
Addresses4797;1;0;0;0;0;18.5;6.09081247805;46.2179802738
Addresses4800;5;0;0;1;1;21.15;6.20536961543;46.195898852
Addresses4815;5;0;0;0;0;24.3;6.14030832835;46.207764347
Addresses4820;5;0;0;2;1;20.2;6.06980925873;46.228523857
Addresses4821;2;0;0;0;0;22.95;6.11404804104;46.2218541435
Addresses4822;13;0;0;0;0;27.65;6.15058712284;46.2114808836
Addresses4827;1;0;0;0;0;18.55;6.10465237574;46.1821571021
Addresses4833;4;0;0;1;1;24.15;6.14519085259;46.2204159872
Addresses4851;3;0;0;3;3;21.15;6.05590462931;46.1635759881
Addresses4852;2;0;0;0;0;20.0;6.11992939164;46.1931330108
Addresses4855;2;0;0;1;1;23.0;6.14341340915;46.1862076503
Addresses4859;3;0;0;0;0;18.55;6.09934003975;46.187492285
Addresses4863;3;0;0;0;0;18.5;6.10926056609;46.2056034334
Addresses4874;1;0;0;0;0;18.5;6.07799027787;46.2124282314
Addresses4885;3;0;0;0;0;22.25;6.08147927999;46.1764824589
Addresses4886;1;0;0;0;0;21.4;6.11655221532;46.2254822619
Addresses4889;5;0;0;0;0;20.0;6.11984217643;46.1967307397
Addresses4894;1;0;0;0;0;22.25;6.13944890592;46.2437418397
Addresses4901;3;0;0;0;0;24.3;6.16647088638;46.1972662226
Addresses4920;5;0;0;0;0;24.55;6.1300309373;46.2040468755
Addresses4925;4;0;0;2;2;22.25;6.18527092081;46.1651423141
Addresses4927;14;0;0;0;0;27.65;6.14540477427;46.2114216077
Addresses4940;3;0;0;0;0;20.0;6.11768853632;46.1787117976
Addresses4944;3;0;0;2;2;22.25;6.22460792783;46.2626830427
Addresses4947;1;0;0;0;0;20.2;6.17942346611;46.1974115504
Addresses4957;3;0;0;0;0;19.65;6.11176367341;46.2092316553
Addresses4961;1;0;0;0;0;22.25;5.99367770397;46.1663944798
Addresses4973;1;0;0;1;1;21.15;6.20787867876;46.1995249383
Addresses4976;6;0;0;0;0;22.25;6.19916397094;46.2408144898
Addresses4981;4;0;0;2;2;21.9;6.19249974584;46.1921587181
Addresses4999;7;0;0;1;1;23.0;6.13564350982;46.1861181532
Addresses5010;2;0;0;0;0;23.0;6.13572966438;46.1825204144
Addresses5012;1;0;0;0;0;20.2;6.07249160612;46.2249575615
Addresses5015;2;0;0;1;1;22.25;6.18276157215;46.1650604826
Addresses5031;1;0;0;0;0;22.25;6.23274825834;46.2465762223
Addresses5033;1;0;0;0;0;18.5;6.09643940059;46.2000534886
Addresses5039;6;0;0;0;0;20.0;6.12001659539;46.1895352824
Addresses5040;1;0;0;0;0;21.15;6.20035249141;46.188646514
Addresses5050;5;0;0;2;2;21.15;6.21807978535;46.2068331245
Addresses5052;2;0;0;0;0;29.3;6.14566138752;46.2006283567
Addresses5072;2;0;0;0;0;20.0;6.11764486754;46.1805106597
Addresses5080;3;0;0;0;0;25.6;6.16893543023;46.202692057
Addresses5081;9;0;0;0;0;20.0;6.1229547294;46.175174618
Addresses5099;1;0;0;0;0;22.25;6.15713136692;46.2637369339
Addresses5104;10;0;0;0;0;24.3;6.14544755017;46.2096227322
Addresses5111;5;0;0;0;0;20.2;6.06989983204;46.2249261616
Addresses5112;1;0;0;1;1;22.25;6.20945302716;46.244525672
Addresses5113;3;0;0;0;0;24.15;6.15037405741;46.2204752728
Addresses5121;8;0;0;1;1;29.3;6.15598162207;46.2025455262
Addresses5125;3;0;0;0;0;21.0;6.11940592844;46.214719393
Addresses5127;1;0;0;0;0;22.25;6.13603111627;46.1699283336
Addresses5130;4;0;0;0;0;21.15;6.07371087123;46.1763886989
Addresses5134;1;1;0;0;1;27.65;6.14285646571;46.209593006
Addresses5140;1;0;0;0;0;22.25;5.98849982367;46.1663280037
Addresses5143;4;0;0;1;1;18.55;6.10474057128;46.1785593876
Addresses5154;1;0;0;0;0;22.25;6.12308518842;46.1697780277
Addresses5160;8;0;0;1;1;25.6;6.1637117331;46.2044325047
Addresses5161;1;0;0;0;0;23.15;6.140179487;46.2131609677
Addresses5165;13;0;0;2;1;24.55;6.13534187973;46.1987102442
Addresses5172;0;1;0;0;1;20.5;6.15657953973;46.2871224278
Addresses5180;6;0;0;3;3;21.15;6.19780340466;46.1868191548
Addresses5193;1;0;0;0;0;18.55;6.10215098693;46.1785287274
Addresses5198;7;0;0;2;2;21.15;6.20277915246;46.1958705006
Addresses5204;1;0;0;0;0;18.5;6.10649345862;46.2127683195
Addresses5209;2;0;0;0;0;20.0;6.11474882279;46.193072328
Addresses5214;1;0;0;1;1;22.25;6.11268817683;46.2776189958
Addresses5233;6;0;0;0;0;24.3;6.14294218028;46.2059952574
Addresses5236;5;0;0;1;0;24.25;6.14855070226;46.1880658924
Addresses5250;1;0;0;1;1;22.25;6.00111199902;46.1790854533
Addresses5266;12;0;0;0;0;23.15;6.13512634473;46.2077045994
Addresses5271;1;0;0;0;0;20.0;6.10715409793;46.185785422
Addresses5286;3;0;0;0;0;18.5;6.08049161469;46.2160571475
Addresses5294;6;0;0;1;0;19.65;6.13516945739;46.2059057281
Addresses5299;1;0;0;0;0;23.0;6.14103794991;46.1771835216
Addresses5300;4;0;0;0;0;18.5;6.08822102585;46.2179492942
Addresses5315;1;0;0;0;0;22.25;6.11281613967;46.1660589957
Addresses5317;3;0;0;1;1;18.55;6.10965615355;46.1894136871
Addresses5333;7;0;0;0;0;22.65;6.13750215737;46.2167288665
Addresses5334;3;0;0;0;0;22.25;6.1363136101;46.1431154259
Addresses5340;1;0;0;0;0;22.25;6.03394061417;46.2118884919
Addresses5341;1;0;0;0;0;21.15;6.06862251877;46.1727282102
Addresses5342;1;0;0;0;0;22.25;6.15933396398;46.1701951417
Addresses5354;4;0;0;1;1;24.3;6.16400683382;46.1918403359
Addresses5358;13;0;0;2;2;25.6;6.16107863195;46.2062020785
Addresses5365;2;0;0;0;0;22.95;6.12182300723;46.2219451263
Addresses5369;1;0;0;0;0;25.6;6.17144237983;46.2063189541
Addresses5370;4;0;0;0;0;25.6;6.17152620016;46.2027211849
Addresses5373;2;1;0;1;2;20.5;6.16172682149;46.2889800766
Addresses5386;2;0;0;0;0;23.0;6.13853436634;46.173555955
Addresses5406;1;0;0;0;0;22.25;6.07897969545;46.1728535718
Addresses5408;1;0;0;0;0;21.15;6.19521337752;46.1867906298
Addresses5414;1;1;0;0;1;21.15;6.07112140756;46.1763573267
Addresses5423;7;0;0;1;1;20.0;6.12558756945;46.1734059364
Addresses5430;3;0;0;0;0;18.5;6.09590655435;46.2216397694
Addresses5444;1;0;0;1;1;22.25;6.1749528603;46.1667725758
Addresses5445;3;0;0;0;0;20.0;6.11773220223;46.1769129356
Addresses5454;6;0;0;1;0;24.55;6.14060885943;46.1951722371
Addresses5472;1;0;0;0;0;21.15;6.19517226335;46.1885895215
Addresses5500;10;0;0;1;0;25.45;6.14328492595;46.1916042685
Addresses5504;1;0;0;0;0;20.5;6.1669165822;46.2890386026
Addresses5508;1;0;0;0;0;18.5;6.09657254652;46.1946569215
Addresses5514;1;0;0;1;1;21.15;6.09232673693;46.1568192808
Addresses5519;1;0;0;0;0;23.0;6.14099505354;46.1789823924
Addresses5530;4;0;0;3;3;22.25;6.097503834;46.1568809929
Addresses5532;5;0;0;0;0;24.25;6.15627850027;46.1899533786
Addresses5547;4;0;0;0;0;20.0;6.11523018319;46.1732848521
Addresses5550;0;1;0;0;1;22.25;6.03792164832;46.1579557897
Addresses5555;2;0;0;0;0;21.15;6.07893475293;46.1746524183
Addresses5574;10;0;0;1;1;24.25;6.15891097189;46.1881839183
Addresses5585;11;0;0;2;2;18.55;6.10197424222;46.1857241529
Addresses5587;3;0;0;0;0;23.0;6.13305354903;46.186088202
Addresses5590;20;0;0;2;1;21.0;6.12994437244;46.2076446141
Addresses5605;1;0;0;0;0;22.25;6.14739798833;46.2366355596
Addresses5606;1;0;0;0;0;22.25;6.16183877801;46.1738222459
Addresses5610;1;0;0;1;1;21.15;6.21565060518;46.1996094631
Addresses5614;4;0;0;1;1;22.25;6.12312866905;46.1679791647
Addresses5615;3;0;0;1;1;22.25;5.99108876225;46.1663612715
Addresses5617;1;0;0;1;1;21.15;6.0714829401;46.1619665828
Addresses5622;3;0;0;0;0;29.3;6.14311357563;46.1987997618
Addresses5626;6;0;0;0;0;18.55;6.10179745107;46.1929195809
Addresses5638;1;0;0;1;1;22.25;6.14396987734;46.1628223217
Addresses5644;5;0;0;1;1;25.6;6.17420061101;46.1991524827
Addresses5652;1;0;0;0;0;22.25;6.12584793184;46.1626127526
Addresses5655;1;0;0;0;0;22.25;6.16451240526;46.1702537789
Addresses5657;4;0;0;0;0;20.0;6.11733910578;46.1931026991
Addresses5663;3;0;0;1;0;20.0;6.1256309703;46.1716070719
Addresses5673;10;0;0;0;0;24.3;6.1638803787;46.1972369788
Addresses5676;6;0;0;0;0;24.95;6.14073761616;46.1897756208
Addresses5688;1;0;0;0;0;24.95;6.13042033848;46.1878570591
Addresses5691;1;0;0;0;0;22.25;6.08415830151;46.1729158961
Addresses5697;12;0;0;0;0;24.25;6.15356087247;46.1953205317
Addresses5700;1;0;0;0;0;22.25;6.04240674714;46.1850024755
Addresses5704;4;0;0;0;0;20.5;6.16202283576;46.2763878721
Addresses5705;1;0;0;1;1;22.25;6.22173222803;46.2752474845
Addresses5736;1;0;0;0;0;22.25;6.25667126858;46.2198392963
Addresses5738;2;0;0;0;0;24.95;6.13538497823;46.1969113736
Addresses5750;2;0;0;1;1;22.25;6.01382430218;46.1882438574
Addresses5772;5;0;0;0;0;23.0;6.14345623126;46.1844087778
Addresses5774;1;0;0;0;0;22.25;6.01937967652;46.1739185853
Addresses5780;1;0;0;0;0;21.9;6.20269740785;46.1994682913
Addresses5793;2;0;0;1;1;21.15;6.07875495332;46.181847806
Addresses5796;5;0;0;0;0;18.55;6.09942859477;46.1838945736
Addresses5802;1;0;0;0;0;22.25;6.1775002423;46.168600449
Addresses5803;1;0;0;1;1;22.25;6.26668883355;46.2361376809
Addresses5805;9;0;0;2;2;23.0;6.14608885158;46.1826396171
Addresses5808;2;0;0;2;2;22.25;6.15475024209;46.2547130638
Addresses5810;2;0;0;0;0;18.5;6.09599539124;46.2180420546
Addresses5820;7;0;0;0;0;29.3;6.14561862567;46.2024272315
Addresses5822;10;0;0;0;0;27.65;6.14536199556;46.2132204833
Addresses5826;12;0;0;0;0;24.55;6.13797545514;46.1969412713
Addresses5841;3;0;0;0;0;22.25;6.12058314074;46.1661500644
Addresses5846;1;0;0;0;0;20.0;6.11742648062;46.1895049727
Addresses5849;0;1;0;0;1;22.25;6.04092374532;46.1417998646
Addresses5850;9;0;0;1;1;23.0;6.14863600716;46.1844681434
Addresses5851;1;0;0;0;0;24.3;6.14553309354;46.2060249816
Addresses5854;14;1;0;0;1;27.65;6.14795325405;46.213250152
Addresses5859;2;0;0;0;0;18.5;6.11154420069;46.2182259702
Addresses5861;1;0;0;0;0;20.2;6.07512849407;46.2231900523
Addresses5864;2;0;0;1;1;20.5;6.16716928701;46.2782452727
Addresses5887;1;0;0;0;0;20.2;6.18719504682;46.1974980338
Addresses5899;3;0;0;0;0;20.0;6.12761356452;46.1968213241
Addresses5901;1;0;0;0;0;22.25;6.25600609418;46.2504208883
Addresses5902;1;0;0;0;0;22.25;6.15207182365;46.258281314
Addresses5916;8;0;0;0;0;25.45;6.14838005884;46.1952613921
Addresses5918;4;0;0;0;0;20.2;6.19747510018;46.2012103002
Addresses5928;1;0;0;0;0;22.25;6.14692777722;46.2564232271
Addresses5936;5;0;0;0;0;22.95;6.11677088938;46.2164879345
Addresses5937;6;0;0;3;3;20.5;6.16440611818;46.2854115944
Addresses5938;5;0;0;0;0;20.0;6.10970009328;46.1876148271
Addresses5944;1;0;0;0;0;18.5;6.08567433315;46.216119402
Addresses5945;4;0;0;1;0;22.95;6.12700633235;46.2220054841
Addresses5947;2;0;0;1;0;22.25;6.15211441548;46.2564824326
Addresses5950;0;1;0;0;1;20.2;6.08786355264;46.232340132
Addresses5958;1;0;0;0;0;20.2;6.18188930737;46.2028371018
Addresses5965;5;0;0;0;0;19.65;6.11703320341;46.2056947459
Addresses5972;12;0;0;1;1;24.25;6.15368834592;46.1899239008
Addresses5975;1;0;0;0;0;20.2;6.17432604765;46.1937558279
Addresses5980;2;0;0;0;0;22.25;6.12049601139;46.1697477883
Addresses5986;4;0;0;1;1;21.15;6.09228224814;46.1586181307
Addresses5987;1;0;0;0;0;21.15;6.07375598769;46.1745898542
Addresses5998;3;0;0;1;0;22.25;6.15666000032;46.173763486
Addresses6006;4;2;0;1;2;20.5;6.16423727161;46.2926071446
Addresses6014;8;0;0;0;0;24.25;6.15360336641;46.1935216546
Addresses6022;11;0;0;0;0;23.15;6.13771733513;46.2077345029
Addresses6033;1;0;0;0;0;18.55;6.1047846647;46.1767605307
Addresses6034;8;0;0;0;0;21.0;6.12735339056;46.2076145322
Addresses6049;5;0;0;2;2;21.15;6.20290174925;46.1904738157
Addresses6052;3;0;0;1;0;21.15;6.08197257787;46.1566951439
Addresses6053;2;0;0;0;0;23.15;6.12990108574;46.2094434836
Addresses6069;1;2;0;0;2;22.25;6.22432648278;46.2752754006
Addresses6071;1;0;0;0;0;22.25;6.18017258732;46.1650316123
Addresses6084;16;0;0;0;0;23.15;6.13767430523;46.2095333754
Addresses6099;1;0;0;0;0;21.4;6.12419723601;46.230969679
Addresses6115;4;0;0;0;0;20.2;6.18982687798;46.1957278521
Addresses6118;1;0;0;0;0;22.25;6.18759992983;46.166913925
Addresses6119;6;0;0;0;0;20.0;6.11738279464;46.1913038358
Addresses6120;0;1;0;0;1;22.25;5.99405962324;46.1520039966
Addresses6131;0;1;0;0;1;22.25;5.97086239815;46.1481054628
Addresses6139;1;0;0;0;0;22.25;6.11786318277;46.1715163508
Addresses6140;2;0;0;0;0;22.25;6.03648536947;46.2137195501
Addresses6143;0;1;0;0;1;18.5;6.08062638039;46.210660595
Addresses6151;1;0;0;0;0;20.2;6.19476097311;46.2065784469
Addresses6170;1;0;0;0;0;22.25;6.12323968383;46.2705448248
Addresses6172;1;0;0;1;1;22.25;6.07643542189;46.1710234752
Addresses6179;1;0;0;0;0;20.2;6.11141248243;46.2236225607
Addresses6185;2;0;0;0;0;21.9;6.19500777967;46.1957850898
Addresses6190;1;0;0;0;0;23.0;6.14617431072;46.1790418711
Addresses6192;1;0;0;0;0;22.95;6.13473820323;46.2238944474
Addresses6240;7;0;0;0;0;23.0;6.14082343989;46.1861778773
Addresses6252;1;0;0;0;0;20.2;6.19217000741;46.2065498522
Addresses6262;1;0;0;0;0;22.25;6.20389965106;46.2606591982
Addresses6266;6;0;0;0;0;18.5;6.1114563914;46.221823697
Addresses6269;6;0;0;0;0;24.3;6.16659708482;46.1918695769
Addresses6276;4;0;0;0;0;24.3;6.16392253317;46.1954380976
Addresses6277;1;0;0;0;0;18.5;6.10368145981;46.2217320008
Addresses6283;2;0;0;0;0;18.55;6.09683875969;46.1838637915
Addresses6285;1;0;0;0;0;18.55;6.10482875523;46.1749616739
Addresses6293;6;0;0;1;0;24.55;6.14056593488;46.1969711095
Addresses6320;12;0;0;0;0;24.55;6.13788942644;46.2005390146
Addresses6322;4;0;0;1;1;20.2;6.0724012041;46.2285552589
Addresses6331;4;0;0;0;0;21.0;6.11944956614;46.2129205271
Addresses6332;13;0;0;2;1;21.0;6.1298577962;46.2112423532
Addresses6334;3;0;0;0;0;24.25;6.15619369185;46.1935511343
Addresses6336;5;0;0;0;0;23.0;6.13585887501;46.1771238073
Addresses6344;1;0;0;1;1;22.25;6.12886962798;46.1446542346
Addresses6346;1;0;0;0;0;22.25;6.14208452733;46.2419727671
Addresses6348;0;1;0;0;1;20.5;6.15653707191;46.2889213124
Addresses6352;5;0;0;1;0;24.3;6.16133211383;46.1954087953
Addresses6356;1;0;0;0;0;22.25;6.17491109199;46.168571458
Addresses6359;5;0;0;0;0;25.6;6.17407514965;46.2045491388
Addresses6364;2;0;0;1;0;22.25;6.20183844044;46.2372451271
Addresses6366;2;1;0;0;1;24.3;6.16651295529;46.1954673405
Addresses6373;18;0;0;1;0;21.0;6.12726664311;46.2112122694
Addresses6394;1;0;0;1;1;21.4;6.12397973217;46.2399640261
Addresses6401;7;0;0;1;1;24.15;6.14782515792;46.2186467826
Addresses6420;1;0;0;1;1;22.25;6.08411352996;46.1747147447
Addresses6431;1;0;0;0;0;21.9;6.20524725121;46.201295541
Addresses6446;1;0;0;1;1;20.0;6.11250934166;46.1786510118
Addresses6448;2;0;0;0;0;21.15;6.08647944858;46.183740069
Addresses6449;9;0;0;1;0;24.25;6.15364585756;46.1917227776
Addresses6456;4;0;0;0;0;18.55;6.09938431871;46.1856934292
Addresses6460;1;0;0;0;0;22.25;6.14467715359;46.2420025108
Addresses6474;2;0;0;1;1;21.4;6.1215179823;46.2345372019
Addresses6487;1;0;0;1;1;22.25;6.15937624792;46.168396265
Addresses6490;2;0;0;0;0;22.25;6.20406315233;46.2534635969
Addresses6494;1;0;0;0;0;22.25;6.16964891282;46.1721110592
Addresses6499;5;0;0;1;1;20.5;6.16176911759;46.28718119
Addresses6504;0;1;0;0;1;21.15;6.05853908523;46.1618088722
Addresses6507;2;0;0;0;0;22.25;6.11268467207;46.171455573
Addresses6508;3;0;0;1;1;22.25;6.08911388718;46.1819722374
Addresses6518;4;0;0;0;0;24.55;6.13780338644;46.2041367585
Addresses6528;10;0;0;0;0;19.65;6.12739676001;46.2058156638
Addresses6533;0;1;0;0;1;22.25;6.22177252822;46.2734485769
Addresses6545;1;0;0;0;0;21.15;6.21018492505;46.2121454642
Addresses6549;13;0;0;2;1;19.65;6.13007421547;46.2022480064
Addresses6553;1;0;0;0;0;22.25;6.08902465382;46.1855699404
Addresses6557;1;0;0;0;0;24.3;6.15865704327;46.1989771921
Addresses6561;9;0;0;0;0;24.95;6.14065178116;46.1933733648
Addresses6573;5;0;0;1;1;23.0;6.1411237342;46.1735857805
Addresses6586;3;0;0;0;0;21.4;6.12665909159;46.236396444
Addresses6609;9;0;0;1;1;20.2;6.07754006962;46.2304167354
Addresses6624;2;0;0;0;0;25.6;6.1740333237;46.2063480245
Addresses6627;6;0;0;0;0;29.3;6.1457469028;46.1970306076
Addresses6640;13;0;0;1;0;23.15;6.13763127251;46.211332248
Addresses6653;2;0;0;1;0;22.25;6.02196899429;46.1739511446
Addresses6656;3;0;0;0;0;20.0;6.1122462597;46.1894441751
Addresses6660;1;0;0;0;0;22.25;6.18698808415;46.2064924843
Addresses6679;1;0;0;0;0;22.25;6.141295269;46.1663903004
Addresses6703;14;0;0;1;1;22.95;6.12977120858;46.2148400929
Addresses6717;9;0;0;0;0;20.0;6.10702202214;46.1911819988
Addresses6737;3;0;0;1;1;22.25;6.14437730858;46.2545946568
Addresses6747;2;0;0;0;0;21.4;6.11646472557;46.2290799937
Addresses6754;1;0;0;0;0;22.25;6.09179267861;46.1784054924
Addresses6764;1;0;0;0;0;22.25;6.11531766591;46.1696871314
Addresses6779;6;0;0;0;0;21.4;6.12173587157;46.2255428616
Addresses6781;2;0;0;0;0;24.25;6.16141658559;46.1918110355
Addresses6784;1;0;0;0;0;27.65;6.14808132493;46.2078535225
Addresses6789;3;0;0;0;0;19.65;6.11448611596;46.2038655046
Addresses6796;2;0;0;0;0;18.5;6.10148795478;46.2055115858
Addresses6807;1;1;0;0;1;22.25;6.18702948212;46.2046935939
Addresses6812;3;0;0;0;0;21.15;6.08652414931;46.1819412187
Addresses6813;1;0;0;0;0;20.0;6.12032171836;46.1769432384
Addresses6814;6;0;0;1;1;18.5;6.09125819937;46.199991728
Addresses6821;2;0;0;0;0;22.25;6.15470773881;46.2565119461
Addresses6829;5;0;0;0;0;19.65;6.13266494343;46.2022780259
Addresses6835;1;1;0;0;1;22.25;6.03384768543;46.2154861563
Addresses6852;1;0;0;0;0;22.25;6.20443087294;46.2372734999
Addresses6856;1;0;0;0;0;21.15;6.1849362005;46.1830781601
Addresses6857;1;0;0;0;0;22.25;6.13862031034;46.1699582166
Addresses6858;10;0;0;3;3;20.2;6.08013210956;46.23044796
Addresses6865;14;0;0;0;0;23.0;6.13819047746;46.1879469156
Addresses6870;0;1;0;0;1;22.25;6.14667115498;46.2672165052
Addresses6871;6;1;0;1;2;18.5;6.08826569679;46.21615044
Addresses6873;1;0;0;0;0;23.0;6.13296721208;46.1896859396
Addresses6881;0;2;0;0;2;20.2;6.07476752376;46.2375808522
Addresses6886;6;0;0;0;0;19.65;6.12225851376;46.2039564575
Addresses6894;2;0;0;0;0;20.2;6.17929852646;46.2028082118
Addresses6908;1;0;0;0;0;22.25;6.14120950723;46.1699880401
Addresses6916;3;3;0;0;3;20.2;6.07740494943;46.2358132889
Addresses6918;7;0;0;0;0;29.3;6.15606645834;46.1989477689
Addresses6922;0;1;0;0;1;22.25;6.12343295358;46.1553871283
Addresses6925;13;0;0;0;0;25.6;6.16375389865;46.202633623
Addresses6929;4;0;0;0;0;24.25;6.15109819437;46.1898943637
Addresses6934;1;0;0;1;1;22.25;6.20179750764;46.2390440254
Addresses6938;1;0;0;0;0;22.25;6.18004779526;46.1704282648
Addresses6940;6;0;0;0;0;20.0;6.10961221094;46.1912125472
Addresses6941;11;0;0;1;1;21.0;6.12480586657;46.2057855235
Addresses6951;3;0;0;0;0;18.5;6.09340393319;46.2180111939
Addresses6973;3;0;0;0;0;22.25;6.07888980745;46.1764512649
Addresses6976;0;1;0;0;1;22.25;5.99880801371;46.1682595317
Addresses6980;1;1;0;0;1;22.25;6.13663360471;46.1447441987
Addresses6982;7;0;0;0;0;22.95;6.13231932328;46.2166689903
Addresses6988;6;0;0;0;0;20.2;6.07749503252;46.2322155865
Addresses7003;8;0;0;0;0;21.15;6.20282002074;46.1940716055
Addresses7016;1;0;0;0;0;20.0;6.11988578547;46.1949318751
Addresses7020;2;0;0;0;0;24.3;6.1664288147;46.1990651048
Addresses7028;2;0;0;1;1;21.15;6.09491528401;46.1568501665
Addresses7040;7;0;0;0;0;25.6;6.16366956477;46.2062313865
Addresses7047;12;0;0;0;0;25.6;6.15857237815;46.2025749512
Addresses7055;3;1;0;0;1;20.5;6.16444832288;46.283612707
Addresses7087;1;0;0;0;0;18.5;6.09331492503;46.2216089067
Addresses7091;2;0;0;1;1;18.5;6.08058146144;46.2124594457
Addresses7093;1;0;0;0;0;18.5;6.10157639681;46.2019138694
Addresses7094;5;2;0;0;2;20.2;6.07999724638;46.2358445166
Addresses7098;6;0;0;0;0;18.5;6.10407882232;46.2055422611
Addresses7099;7;0;0;0;0;23.0;6.14086634753;46.1843790059
Addresses7102;1;0;0;0;0;22.25;6.11544886847;46.1642905516
Addresses7109;1;0;0;1;1;22.25;5.99291326352;46.195175479
Addresses7116;1;0;0;0;0;18.5;6.11681461556;46.2146890694
Addresses7119;1;0;0;0;0;22.25;6.12576115577;46.1662104798
Addresses7120;1;0;0;0;0;18.5;6.07553435883;46.2070004119
Addresses7121;2;0;0;0;0;20.2;6.10882075003;46.2235920537
Addresses7122;19;0;0;1;1;21.0;6.12463202926;46.2129809939
Addresses7126;9;0;0;1;0;18.5;6.10921659749;46.2074022948
Addresses7128;1;0;0;0;0;20.2;6.11136857057;46.2254214244
Addresses7129;5;1;0;2;2;20.2;6.08254467167;46.2376745382
Addresses7133;2;0;0;0;0;22.95;6.13486760924;46.2184978303
Addresses7136;11;0;0;0;0;20.0;6.1123339652;46.1858464533
Addresses7140;1;0;0;0;0;24.25;6.15903789868;46.1827872836
Addresses7141;0;1;0;0;1;22.25;6.16714365754;46.1684841288
Addresses7154;3;0;0;0;0;25.6;6.17674948315;46.2009803759
Addresses7156;5;0;0;0;0;21.15;6.20031154564;46.1904454077
Addresses7157;1;0;0;0;0;20.0;6.11781952546;46.1733152122
Addresses7169;2;0;0;0;0;21.15;6.07625530394;46.1782188574
Addresses7179;6;0;0;0;0;25.6;6.1741587933;46.2009513679
Addresses7181;6;0;0;0;0;22.95;6.12964130581;46.2202367034
Addresses7183;8;0;0;0;0;22.95;6.12959799919;46.2220355738
Addresses7186;3;0;0;0;0;24.55;6.13016076328;46.1986502687
Addresses7189;2;0;0;0;0;22.25;6.03380121649;46.2172849888
Addresses7193;1;1;0;0;1;22.25;6.26672761867;46.2343387601
Addresses7194;9;0;0;0;0;20.0;6.12036529591;46.1751443756
Addresses7198;17;0;0;0;0;25.6;6.15853004142;46.204373831
Addresses7200;12;0;0;0;0;21.0;6.13240574535;46.2130712483
Addresses7201;1;1;0;0;1;22.25;6.12842764344;46.270605117
Addresses7203;1;0;0;0;0;22.95;6.11663969357;46.2218845306
Addresses7207;1;0;0;0;0;21.4;6.11382889559;46.2308484678
Addresses7210;1;0;0;0;0;21.4;6.11132465583;46.2272202883
Addresses7226;3;0;0;0;0;24.15;6.1452764297;46.216818235
Addresses7227;2;1;0;1;2;22.25;6.12571776346;46.1680093437
Addresses7231;9;0;0;1;1;25.6;6.16120538538;46.2008054362
Addresses7232;5;2;0;0;2;21.15;6.20022908247;46.1869853635
Addresses7233;0;3;0;0;3;22.25;5.99362994996;46.168193291
Addresses7238;1;0;0;0;0;22.25;6.17499462587;46.1649736937
Addresses7253;1;0;0;0;0;22.25;5.99857005141;46.1772536011
Addresses7258;11;0;0;2;0;24.25;6.15895328359;46.1863850399
Addresses7264;2;0;0;0;0;23.0;6.14867865541;46.1826692692
Addresses7271;3;0;0;0;0;18.5;6.111588101;46.216427107
Addresses7272;1;0;0;0;0;22.95;6.11918769692;46.2237137247
Addresses7284;1;0;0;0;0;24.25;6.15899559252;46.1845861617
Addresses7290;6;0;0;1;1;23.0;6.14349905056;46.1826099055
Addresses7293;1;0;0;0;0;22.25;6.11000759061;46.1750228121
Addresses7304;4;0;0;0;0;24.3;6.16901941071;46.1990942902
Addresses7330;1;0;0;0;0;20.0;6.12519683352;46.1895957236
Addresses7347;3;0;0;1;0;22.25;6.1799768451;46.1617656704
Addresses7350;9;1;0;0;1;20.2;6.07744999245;46.2340144376
Addresses7363;12;0;0;0;0;19.65;6.12484931876;46.2039866563
Addresses7367;8;0;0;1;0;18.5;6.11150029749;46.2200248336
Addresses7373;1;0;0;0;0;18.55;6.09688311836;46.1820649371
Addresses7375;1;0;0;0;0;21.15;6.20783797359;46.2013238358
Addresses7382;4;0;0;0;0;18.5;6.08308297244;46.2160883045
Addresses7385;4;0;0;1;0;18.5;6.08831036479;46.214351586
Addresses7386;1;0;0;0;0;24.25;6.15916480047;46.1773906503
Addresses7404;3;0;0;0;0;19.65;6.12744012661;46.2040167956
Addresses7413;3;0;0;1;1;24.55;6.13806147254;46.1933435285
Addresses7415;1;0;0;1;1;22.25;6.22289985765;46.2230792023
Addresses7418;9;0;0;1;0;23.15;6.13249215607;46.2094735069
Addresses7438;1;0;0;0;0;20.2;6.18464598714;46.1956703767
Addresses7439;4;0;0;0;0;24.95;6.14078052944;46.187976749
Addresses7440;10;0;0;1;0;18.55;6.10452006072;46.1875536749
Addresses7445;1;0;0;0;0;22.95;6.12709311401;46.2184077453
Addresses7451;10;0;0;0;0;22.65;6.13236253574;46.2148701192
Addresses7458;17;0;0;1;0;24.25;6.14583240684;46.193432859
Addresses7480;5;0;0;0;0;22.95;6.12704972461;46.2202066147
Addresses7482;9;0;0;0;0;21.4;6.1216051466;46.2309394654
Addresses7486;0;0;0;0;0;22.25;6.18086885123;46.204886382
Addresses7487;0;0;0;0;0;22.25;6.0957114005;46.1535847277
Addresses7488;0;0;0;0;0;20.5;6.03829931393;46.2146681111
Addresses7489;0;0;0;0;0;22.25;6.03972500127;46.2174333025
Addresses7490;0;0;0;0;0;22.25;6.13502102324;46.2018774344
Addresses7491;0;0;0;0;0;22.25;6.10561330199;46.2117747482
Addresses7492;0;0;0;0;0;22.25;6.14219548392;46.1625555824
Addresses7493;0;0;0;0;0;22.25;6.14522634618;46.1602449434
Addresses7494;0;0;0;0;0;22.95;6.2211455806;46.2071962425
Addresses7495;0;0;0;0;0;21.15;6.22405183625;46.203328212
Addresses7496;0;0;0;0;0;22.25;6.13038670667;46.185798024
Addresses7497;0;0;0;0;0;22.25;6.17753691604;46.1627307669
Addresses7498;0;0;0;0;0;27.65;6.18222156287;46.2063779967
Addresses7499;0;0;0;0;0;20.2;6.17939872255;46.2035401837
Addresses7500;0;0;0;0;0;22.25;6.08932646772;46.1571703402
Addresses7501;0;0;0;0;0;20.5;6.08655133824;46.1524683935
Addresses7502;0;0;0;0;0;22.25;6.12341202858;46.1701234599
Addresses7503;0;0;0;0;0;22.25;6.09884210559;46.1972434848
Addresses7504;0;0;0;0;0;22.25;6.11549523817;46.1656932346
Addresses7505;0;0;0;0;0;21.15;6.19612221329;46.2046374031
Addresses7506;0;0;0;0;0;22.25;6.10609389536;46.1801057729
Addresses7507;0;0;0;0;0;22.25;6.12480734423;46.1850546529
Addresses7508;0;0;0;0;0;21.15;6.14349614349;46.1766337442
Addresses7509;0;0;0;0;0;22.25;6.14388555195;46.1788938085
Addresses7510;0;0;0;0;0;22.25;6.13089815544;46.1728016866
Addresses7511;0;0;0;0;0;22.25;6.13143456111;46.1681821023
Addresses7512;0;0;0;0;0;22.25;6.0603524232;46.1742209325
Addresses7513;0;0;0;0;0;20.5;6.2004347656;46.2404907327
Addresses7514;0;0;0;0;0;20.5;6.17548444638;46.1944163126
Addresses7515;0;0;0;0;0;22.25;6.18224453249;46.1929330076
Addresses7516;0;0;0;0;0;20.5;6.19259114885;46.1984923407
Addresses7517;0;0;0;0;0;22.25;6.19809186362;46.2009741557
Addresses7518;0;0;0;0;0;22.25;6.22554365488;46.2546483289
Addresses7519;0;0;0;0;0;22.25;6.10019808976;46.1709064448
Addresses7520;0;0;0;0;0;22.25;6.09569179881;46.1586679791
Addresses7521;0;0;0;0;0;22.25;6.19815121634;46.1982478006
Addresses7522;0;0;0;0;0;20.5;6.19486193057;46.1989497551
Addresses7523;0;0;0;0;0;19.65;6.11917071605;46.1859251092
Addresses7524;0;0;0;0;0;20.5;6.16057330622;46.1769496755
Addresses7525;0;0;0;0;0;22.25;6.09539677548;46.1963949946
Addresses7526;0;0;0;0;0;22.25;6.08507491572;46.1753980594
Addresses7527;0;0;0;0;0;22.25;6.23526213852;46.2130275437
Addresses7528;0;0;0;0;0;22.25;6.16032763396;46.2815822048
Addresses7529;0;0;0;0;0;22.25;6.21351234075;46.2034083492
Addresses7530;0;0;0;0;0;20.5;6.11562475131;46.2252741825
Addresses7531;0;0;0;0;0;22.25;6.10564970746;46.2225522772
Addresses7532;0;0;0;0;0;22.25;6.11012949637;46.2254268938
Addresses7533;0;0;0;0;0;20.5;6.16295774523;46.2678511806
Addresses7534;0;0;0;0;0;22.25;6.23373548943;46.2139092797
Addresses7535;0;0;0;0;0;22.25;6.10876124633;46.1640194482
Addresses7536;0;0;0;0;0;22.25;6.10603213428;46.2056635077
Addresses7537;0;0;0;0;0;20.2;6.10561559289;46.1509238085
Addresses7538;0;0;0;0;0;21.15;6.129923886;46.2728550517
Addresses7539;0;0;0;0;0;22.25;6.1228309565;46.2719813727
Addresses7540;0;0;0;0;0;22.25;6.22708661097;46.2769294849
Addresses7541;0;0;0;0;0;20.5;6.11492015826;46.2808008962
Addresses7542;0;0;0;0;0;20.5;6.06772617322;46.1785093454
Addresses7543;0;0;0;0;0;22.25;6.22107316971;46.2228819328
Addresses7544;0;0;0;0;0;22.25;6.00898070962;46.1548195093
Addresses7545;0;0;0;0;0;22.25;6.16298490176;46.1779539495
Addresses7546;0;0;0;0;0;22.25;6.1974586421;46.1963768342
Addresses7547;0;0;0;0;0;22.25;6.1982208491;46.1970711283
Addresses7548;0;0;0;0;0;22.25;6.13277509766;46.1709274032
Addresses7549;0;0;0;0;0;20.2;6.12035012768;46.151224461
Addresses7550;0;0;0;0;0;22.25;6.1495809223;46.243744385
Addresses7551;0;0;0;0;0;21.15;6.22947826264;46.2597295541
Addresses7552;0;0;0;0;0;22.25;6.11858329427;46.1942449136
Addresses7553;0;0;0;0;0;22.25;6.11367770595;46.214917565
Addresses7554;0;0;0;0;0;22.25;6.10673569949;46.2125955183
Addresses7555;0;0;0;0;0;22.25;6.11289690724;46.2226042176
Addresses7556;0;0;0;0;0;22.25;6.11580488629;46.2267569764
Addresses7557;0;0;0;0;0;22.25;6.11131705792;46.1651533546
Addresses7558;0;0;0;0;0;22.25;6.11980066288;46.2103268542
Addresses7559;0;0;0;0;0;22.25;6.16606665996;46.2857360419
Addresses7560;0;0;0;0;0;22.25;6.16629920792;46.2891200712
Addresses7561;0;0;0;0;0;22.25;6.03041094126;46.2155608785
Addresses7562;0;0;0;0;0;22.25;6.09647708867;46.1811167936
Addresses7563;0;0;0;0;0;20.5;6.10121866941;46.1782439794
Addresses7564;0;0;0;0;0;22.25;6.16200507207;46.176747494
Addresses7565;0;0;0;0;0;22.25;6.16471496764;46.1770055645
Addresses7566;0;0;0;0;0;22.25;6.16386585967;46.1789603978
Addresses7567;0;0;0;0;0;20.5;6.10955011575;46.2144390991
Addresses7568;0;0;0;0;0;22.25;6.10772715762;46.2160102845
Addresses7569;0;0;0;0;0;22.25;6.10009857236;46.2050782249
Addresses7570;0;0;0;0;0;22.25;6.12324102771;46.1882664695
Addresses7571;0;0;0;0;0;22.25;6.04008954475;46.1421445683
Addresses7572;0;0;0;0;0;22.25;6.13784265178;46.1452687517
Addresses7573;0;0;0;0;0;20.5;6.13332085245;46.1414496085
Addresses7574;0;0;0;0;0;22.25;6.17979016422;46.1733903763
Addresses7575;0;0;0;0;0;22.25;6.0303257443;46.2176441014
Addresses7576;0;0;0;0;0;22.25;6.13615636031;46.1931190672
Addresses7577;0;0;0;0;0;22.25;5.99651940606;46.151942474
Addresses7578;0;0;0;0;0;18.55;6.22718422097;46.2740966424
Addresses7579;0;0;0;0;0;22.25;6.23734459078;46.2464504969
Addresses7580;0;0;0;0;0;22.25;6.12770877509;46.2015534159
Addresses7581;0;0;0;0;0;22.25;6.07014979283;46.2315603969
Addresses7582;0;0;0;0;0;22.25;6.10378817399;46.2182454454
Addresses7583;0;0;0;0;0;22.25;6.11897813831;46.2087501405
Addresses7584;0;0;0;0;0;22.25;6.12227149497;46.2107043528
Addresses7585;0;0;0;0;0;22.25;6.12313955281;46.1781588003
Addresses7586;0;0;0;0;0;21.15;6.14372716674;46.1781908624
Addresses7587;0;0;0;0;0;22.25;6.13921054472;46.1736242786
Addresses7588;0;0;0;0;0;22.25;6.1665636594;46.2015962406
Addresses7589;0;0;0;0;0;22.25;6.17190817319;46.2027308237
Addresses7590;0;0;0;0;0;22.25;6.19121112516;46.1929324743
Addresses7591;0;0;0;0;0;22.25;6.04295442509;46.2009567296
Addresses7592;0;0;0;0;0;22.25;6.12185355904;46.23697406
Addresses7593;0;0;0;0;0;20.2;6.14582579815;46.2219784386
Addresses7594;0;0;0;0;0;22.25;6.14274584175;46.2154029957
Addresses7595;0;0;0;0;0;22.25;6.15886365883;46.2919686378
Addresses7596;0;0;0;0;0;22.25;6.08365876249;46.1770737986
Addresses7597;0;0;0;0;0;22.25;6.17236587965;46.1922616211
Addresses7598;0;0;0;0;0;22.25;6.07574714755;46.1832304921
Addresses7599;0;0;0;0;0;22.25;6.07617647291;46.1805956934
Addresses7600;0;0;0;0;0;22.25;6.07979453814;46.183142631
Addresses7601;0;0;0;0;0;22.25;6.08281077433;46.1789370244
Addresses7602;0;0;0;0;0;20.5;6.20980133415;46.1939951838
Addresses7603;0;0;0;0;0;27.65;6.10663504455;46.1728957239
Addresses7604;0;0;0;0;0;22.25;6.22347553749;46.2197906291
Addresses7605;0;0;0;0;0;22.25;6.07028977271;46.1798811603
Addresses7606;0;0;0;0;0;20.5;6.08993757662;46.1788180569
Addresses7607;0;0;0;0;0;22.25;6.09557981067;46.1790442748
Addresses7608;0;0;0;0;0;22.25;6.09720488094;46.1800983667
Addresses7609;0;0;0;0;0;22.25;6.09308475499;46.1816589062
Addresses7610;0;0;0;0;0;22.25;6.10014726355;46.1799073833
Addresses7611;0;0;0;0;0;22.25;6.10714612265;46.1816093061
Addresses7612;0;0;0;0;0;22.25;6.10833359005;46.1792652653
Addresses7613;0;0;0;0;0;22.25;6.10797450508;46.1807813376
